0	0	1
1	1	0
2	0	3
3	1	2
5	1	4
6	0	7
7	1	6
8	0	9
9	1	8
11	1	10
12	0	13
13	1	12
14	0	15
15	1	14
16	0	17
17	1	16
18	0	19
19	1	18
20	0	21
21	1	20
22	0	23
25	1	24
26	0	27
27	1	26
28	0	29
31	1	30
32	0	33
34	0	35
35	1	34
36	0	37
37	1	36
38	0	39
39	1	38
40	0	41
41	1	40
42	0	43
43	1	42
44	0	45
45	1	44
47	1	46
48	0	49
50	0	51
51	1	50
52	0	53
53	1	52
54	0	55
56	0	57
57	1	56
58	0	59
59	1	58
60	0	61
61	1	60
63	1	62
65	1	64
66	0	67
68	0	69
69	1	68
70	0	71
71	1	70
72	0	73
73	1	72
74	0	75
75	1	74
76	0	77
77	1	76
78	0	79
79	1	78
80	0	81
81	1	80
82	0	83
83	1	82
84	0	85
85	1	84
87	1	86
88	0	89
89	1	88
90	0	91
91	1	90
92	0	93
94	0	95
95	1	94
96	0	97
98	0	99
100	0	101
101	1	100
102	0	103
105	1	104
106	0	107
108	0	109
110	0	111
111	1	110
112	0	113
115	1	114
117	1	116
118	0	119
120	0	121
121	1	120
122	0	123
123	1	122
124	0	125
125	1	124
126	0	127
127	1	126
128	0	129
129	1	128
130	0	131
131	1	130
132	0	133
134	0	135
135	1	134
136	0	137
137	1	136
138	0	139
139	1	138
140	0	141
141	1	140
143	1	142
144	0	145
145	1	144
147	1	146
148	0	149
149	1	148
150	0	151
151	1	150
152	0	153
154	0	155
155	1	154
156	0	157
158	0	159
159	1	158
160	0	161
162	0	163
163	1	162
164	0	165
165	1	164
166	0	167
167	1	166
168	0	169
170	0	171
171	1	170
172	0	173
173	1	172
175	1	174
176	0	177
177	1	176
179	1	178
181	1	180
182	0	183
184	0	185
185	1	184
186	0	187
187	1	186
188	0	189
189	1	188
190	0	191
191	1	190
192	0	193
193	1	192
194	0	195
195	1	194
196	0	197
197	1	196
198	0	199
199	1	198
200	0	201
202	0	203
203	1	202
204	0	205
205	1	204
206	0	207
208	0	209
209	1	208
210	0	211
211	1	210
212	0	213
213	1	212
214	0	215
215	1	214
216	0	217
218	0	219
219	1	218
220	0	221
221	1	220
222	0	223
223	1	222
224	0	225
225	1	224
226	0	227
227	1	226
229	1	228
230	0	231
232	0	233
233	1	232
234	0	235
236	0	237
238	0	239
239	1	238
240	0	241
241	1	240
242	0	243
243	1	242
244	0	245
245	1	244
246	0	247
247	1	246
248	0	249
249	1	248
250	0	251
251	1	250
252	0	253
253	1	252
254	0	255
255	1	254
257	1	256
258	0	259
259	1	258
260	0	261
261	1	260
263	1	262
264	0	265
267	1	266
269	1	268
270	0	271
271	1	270
272	0	273
274	0	275
275	1	274
276	0	277
277	1	276
278	0	279
279	1	278
280	0	281
281	1	280
283	1	282
284	0	285
285	1	284
286	0	287
287	1	286
288	0	289
289	1	288
290	0	291
291	1	290
292	0	293
293	1	292
294	0	295
296	0	297
297	1	296
298	0	299
300	0	301
302	0	303
304	0	305
305	1	304
306	0	307
307	1	306
309	1	308
310	0	311
311	1	310
312	0	313
314	0	315
316	0	317
317	1	316
318	0	319
319	1	318
320	0	321
321	1	320
322	0	323
323	1	322
324	0	325
325	1	324
326	0	327
328	0	329
329	1	328
331	1	330
332	0	333
333	1	332
334	0	335
335	1	334
336	0	337
337	1	336
339	1	338
341	1	340
343	1	342
344	0	345
345	1	344
346	0	347
348	0	349
349	1	348
350	0	351
351	1	350
352	0	353
354	0	355
356	0	357
357	1	356
358	0	359
359	1	358
360	0	361
361	1	360
362	0	363
363	1	362
364	0	365
366	0	367
367	1	366
368	0	369
369	1	368
370	0	371
371	1	370
372	0	373
373	1	372
374	0	375
375	1	374
376	0	377
377	1	376
379	1	378
380	0	381
382	0	383
383	1	382
385	1	384
387	1	386
388	0	389
389	1	388
390	0	391
391	1	390
392	0	393
393	1	392
394	0	395
395	1	394
396	0	397
397	1	396
398	0	399
399	1	398
400	0	401
401	1	400
403	1	402
405	1	404
406	0	407
407	1	406
408	0	409
409	1	408
410	0	411
411	1	410
412	0	413
413	1	412
414	0	415
416	0	417
417	1	416
418	0	419
419	1	418
420	0	421
421	1	420
422	0	423
423	1	422
425	1	424
426	0	427
427	1	426
429	1	428
430	0	431
432	0	433
433	1	432
434	0	435
435	1	434
437	1	436
438	0	439
439	1	438
440	0	441
441	1	440
442	0	443
443	1	442
444	0	445
447	1	446
448	0	449
449	1	448
451	1	450
452	0	453
453	1	452
454	0	455
455	1	454
456	0	457
459	1	458
460	0	461
461	1	460
462	0	463
464	0	465
465	1	464
467	1	466
468	0	469
469	1	468
471	1	470
472	0	473
473	1	472
474	0	475
475	1	474
476	0	477
477	1	476
478	0	479
479	1	478
480	0	481
481	1	480
482	0	483
483	1	482
484	0	485
485	1	484
486	0	487
488	0	489
489	1	488
490	0	491
491	1	490
492	0	493
493	1	492
494	0	495
495	1	494
496	0	497
497	1	496
498	0	499
499	1	498
500	0	501
501	1	500
502	0	503
503	1	502
505	1	504
506	0	507
507	1	506
509	1	508
510	0	511
511	1	510
512	0	513
513	1	512
514	0	515
516	0	517
517	1	516
518	0	519
520	0	521
521	1	520
523	1	522
524	0	525
525	1	524
526	0	527
527	1	526
528	0	529
529	1	528
531	1	530
532	0	533
533	1	532
534	0	535
536	0	537
538	0	539
539	1	538
540	0	541
541	1	540
542	0	543
543	1	542
544	0	545
545	1	544
547	1	546
548	0	549
549	1	548
550	0	551
551	1	550
553	1	552
555	1	554
556	0	557
557	1	556
558	0	559
559	1	558
561	1	560
562	0	563
563	1	562
564	0	565
565	1	564
566	0	567
567	1	566
568	0	569
569	1	568
570	0	571
572	0	573
573	1	572
574	0	575
575	1	574
576	0	577
577	1	576
578	0	579
579	1	578
580	0	581
581	1	580
582	0	583
583	1	582
584	0	585
586	0	587
587	1	586
588	0	589
589	1	588
590	0	591
591	1	590
592	0	593
593	1	592
594	0	595
595	1	594
596	0	597
599	1	598
600	0	601
601	1	600
602	0	603
603	1	602
604	0	605
605	1	604
606	0	607
607	1	606
608	0	609
609	1	608
610	0	611
611	1	610
613	1	612
614	0	615
615	1	614
616	0	617
617	1	616
618	0	619
620	0	621
621	1	620
622	0	623
624	0	625
625	1	624
626	0	627
627	1	626
628	0	629
629	1	628
631	1	630
632	0	633
633	1	632
634	0	635
636	0	637
637	1	636
638	0	639
639	1	638
640	0	641
641	1	640
643	1	642
644	0	645
645	1	644
646	0	647
647	1	646
648	0	649
649	1	648
650	0	651
651	1	650
652	0	653
653	1	652
654	0	655
655	1	654
656	0	657
657	1	656
658	0	659
660	0	661
662	0	663
663	1	662
664	0	665
665	1	664
666	0	667
667	1	666
668	0	669
669	1	668
670	0	671
672	0	673
674	0	675
675	1	674
676	0	677
677	1	676
678	0	679
679	1	678
680	0	681
681	1	680
682	0	683
683	1	682
684	0	685
685	1	684
686	0	687
687	1	686
688	0	689
689	1	688
690	0	691
691	1	690
692	0	693
695	1	694
696	0	697
697	1	696
698	0	699
699	1	698
701	1	700
702	0	703
703	1	702
704	0	705
706	0	707
707	1	706
708	0	709
709	1	708
710	0	711
711	1	710
712	0	713
713	1	712
714	0	715
715	1	714
716	0	717
717	1	716
718	0	719
720	0	721
721	1	720
722	0	723
723	1	722
724	0	725
725	1	724
726	0	727
727	1	726
728	0	729
730	0	731
731	1	730
732	0	733
733	1	732
734	0	735
735	1	734
736	0	737
738	0	739
740	0	741
741	1	740
742	0	743
743	1	742
745	1	744
746	0	747
747	1	746
748	0	749
749	1	748
750	0	751
751	1	750
752	0	753
753	1	752
754	0	755
755	1	754
756	0	757
757	1	756
758	0	759
761	1	760
762	0	763
763	1	762
764	0	765
765	1	764
766	0	767
767	1	766
768	0	769
769	1	768
770	0	771
773	1	772
775	1	774
776	0	777
777	1	776
778	0	779
781	1	780
782	0	783
784	0	785
786	0	787
787	1	786
788	0	789
789	1	788
790	0	791
791	1	790
792	0	793
793	1	792
794	0	795
795	1	794
796	0	797
797	1	796
798	0	799
800	0	801
801	1	800
802	0	803
804	0	805
805	1	804
806	0	807
807	1	806
808	0	809
809	1	808
810	0	811
811	1	810
812	0	813
813	1	812
814	0	815
817	1	816
818	0	819
819	1	818
821	1	820
822	0	823
823	1	822
824	0	825
825	1	824
826	0	827
827	1	826
828	0	829
830	0	831
831	1	830
832	0	833
833	1	832
834	0	835
836	0	837
837	1	836
838	0	839
839	1	838
840	0	841
841	1	840
842	0	843
843	1	842
844	0	845
845	1	844
846	0	847
847	1	846
848	0	849
849	1	848
850	0	851
851	1	850
852	0	853
853	1	852
854	0	855
855	1	854
856	0	857
857	1	856
858	0	859
859	1	858
860	0	861
861	1	860
863	1	862
865	1	864
866	0	867
867	1	866
868	0	869
870	0	871
871	1	870
872	0	873
873	1	872
874	0	875
875	1	874
876	0	877
877	1	876
878	0	879
879	1	878
880	0	881
881	1	880
883	1	882
884	0	885
885	1	884
886	0	887
887	1	886
888	0	889
889	1	888
890	0	891
891	1	890
892	0	893
893	1	892
894	0	895
895	1	894
896	0	897
897	1	896
899	1	898
900	0	901
901	1	900
902	0	903
903	1	902
904	0	905
905	1	904
906	0	907
907	1	906
908	0	909
910	0	911
911	1	910
912	0	913
913	1	912
914	0	915
915	1	914
916	0	917
918	0	919
919	1	918
920	0	921
921	1	920
922	0	923
923	1	922
924	0	925
925	1	924
926	0	927
927	1	926
929	1	928
930	0	931
931	1	930
932	0	933
934	0	935
935	1	934
937	1	936
938	0	939
939	1	938
940	0	941
941	1	940
942	0	943
943	1	942
945	1	944
946	0	947
948	0	949
949	1	948
950	0	951
951	1	950
952	0	953
953	1	952
954	0	955
955	1	954
956	0	957
957	1	956
958	0	959
959	1	958
961	1	960
962	0	963
963	1	962
965	1	964
966	0	967
967	1	966
969	1	968
970	0	971
971	1	970
972	0	973
973	1	972
974	0	975
975	1	974
976	0	977
977	1	976
978	0	979
980	0	981
982	0	983
984	0	985
985	1	984
986	0	987
987	1	986
988	0	989
989	1	988
991	1	990
992	0	993
993	1	992
994	0	995
995	1	994
996	0	997
997	1	996
998	0	999
999	1	998
1000	0	1001
1001	1	1000
1002	0	1003
1003	1	1002
1004	0	1005
1005	1	1004
1006	0	1007
1007	1	1006
1008	0	1009
1010	0	1011
1011	1	1010
1012	0	1013
1013	1	1012
1014	0	1015
1015	1	1014
1016	0	1017
1017	1	1016
1018	0	1019
1020	0	1021
1021	1	1020
1022	0	1023
1023	1	1022
1025	1	1024
1026	0	1027
1027	1	1026
1028	0	1029
1030	0	1031
1031	1	1030
1033	1	1032
1034	0	1035
1037	1	1036
1039	1	1038
1040	0	1041
1041	1	1040
1042	0	1043
1043	1	1042
1044	0	1045
1045	1	1044
1046	0	1047
1048	0	1049
1049	1	1048
1050	0	1051
1051	1	1050
1052	0	1053
1053	1	1052
1055	1	1054
1056	0	1057
1057	1	1056
1058	0	1059
1059	1	1058
1060	0	1061
1061	1	1060
1063	1	1062
1064	0	1065
1066	0	1067
1067	1	1066
1068	0	1069
1069	1	1068
1071	1	1070
1072	0	1073
1073	1	1072
1074	0	1075
1075	1	1074
1077	1	1076
1078	0	1079
1079	1	1078
1080	0	1081
1081	1	1080
1082	0	1083
1083	1	1082
1084	0	1085
1087	1	1086
1088	0	1089
1089	1	1088
1090	0	1091
1091	1	1090
1092	0	1093
1093	1	1092
1094	0	1095
1095	1	1094
1096	0	1097
1097	1	1096
1098	0	1099
1099	1	1098
1100	0	1101
1101	1	1100
1102	0	1103
1103	1	1102
1104	0	1105
1105	1	1104
1107	1	1106
1109	1	1108
1110	0	1111
1111	1	1110
1112	0	1113
1113	1	1112
1114	0	1115
1115	1	1114
1116	0	1117
1117	1	1116
1118	0	1119
1121	1	1120
1122	0	1123
1123	1	1122
1125	1	1124
1126	0	1127
1127	1	1126
1129	1	1128
1130	0	1131
1132	0	1133
1133	1	1132
1134	0	1135
1136	0	1137
1137	1	1136
1138	0	1139
1139	1	1138
1140	0	1141
1141	1	1140
1142	0	1143
1143	1	1142
1144	0	1145
1145	1	1144
1147	1	1146
1148	0	1149
1149	1	1148
1150	0	1151
1151	1	1150
1152	0	1153
1153	1	1152
1154	0	1155
1155	1	1154
1156	0	1157
1157	1	1156
1158	0	1159
1159	1	1158
1160	0	1161
1161	1	1160
1162	0	1163
1163	1	1162
1165	1	1164
1166	0	1167
1167	1	1166
1168	0	1169
1169	1	1168
1170	0	1171
1171	1	1170
1173	1	1172
1175	1	1174
1176	0	1177
1178	0	1179
1179	1	1178
1180	0	1181
1181	1	1180
1182	0	1183
1184	0	1185
1185	1	1184
1186	0	1187
1187	1	1186
1188	0	1189
1189	1	1188
1190	0	1191
1191	1	1190
1192	0	1193
1194	0	1195
1195	1	1194
1196	0	1197
1197	1	1196
1198	0	1199
1200	0	1201
1201	1	1200
1202	0	1203
1203	1	1202
1204	0	1205
1205	1	1204
1206	0	1207
1207	1	1206
1209	1	1208
1210	0	1211
1211	1	1210
1212	0	1213
1213	1	1212
1214	0	1215
1216	0	1217
1218	0	1219
1220	0	1221
1221	1	1220
1222	0	1223
1223	1	1222
1224	0	1225
1225	1	1224
1226	0	1227
1228	0	1229
1229	1	1228
1230	0	1231
1231	1	1230
1232	0	1233
1233	1	1232
1234	0	1235
1235	1	1234
1236	0	1237
1237	1	1236
1238	0	1239
1239	1	1238
1240	0	1241
1241	1	1240
1243	1	1242
1244	0	1245
1245	1	1244
1247	1	1246
1248	0	1249
1249	1	1248
1250	0	1251
1251	1	1250
1252	0	1253
1253	1	1252
1254	0	1255
1255	1	1254
1256	0	1257
1257	1	1256
1258	0	1259
1259	1	1258
1261	1	1260
1263	1	1262
1264	0	1265
1265	1	1264
1266	0	1267
1268	0	1269
1269	1	1268
1270	0	1271
1271	1	1270
1272	0	1273
1273	1	1272
1274	0	1275
1275	1	1274
1276	0	1277
1278	0	1279
1279	1	1278
1280	0	1281
1283	1	1282
1284	0	1285
1285	1	1284
1286	0	1287
1287	1	1286
1288	0	1289
1289	1	1288
1290	0	1291
1291	1	1290
1293	1	1292
1294	0	1295
1297	1	1296
1298	0	1299
1299	1	1298
1301	1	1300
1302	0	1303
1303	1	1302
1304	0	1305
1305	1	1304
1306	0	1307
1307	1	1306
1308	0	1309
1309	1	1308
1310	0	1311
1311	1	1310
1312	0	1313
1313	1	1312
1314	0	1315
1315	1	1314
1316	0	1317
1317	1	1316
1318	0	1319
1319	1	1318
1320	0	1321
1321	1	1320
1322	0	1323
1324	0	1325
1325	1	1324
1327	1	1326
1328	0	1329
1329	1	1328
1330	0	1331
1331	1	1330
1332	0	1333
1334	0	1335
1335	1	1334
1336	0	1337
1337	1	1336
1338	0	1339
1339	1	1338
1340	0	1341
1341	1	1340
1342	0	1343
1343	1	1342
1344	0	1345
1345	1	1344
1346	0	1347
1348	0	1349
1349	1	1348
1350	0	1351
1351	1	1350
1352	0	1353
1353	1	1352
1354	0	1355
1355	1	1354
1356	0	1357
1357	1	1356
1358	0	1359
1359	1	1358
1360	0	1361
1361	1	1360
1362	0	1363
1364	0	1365
1365	1	1364
1366	0	1367
1367	1	1366
1368	0	1369
1370	0	1371
1371	1	1370
1373	1	1372
1374	0	1375
1375	1	1374
1376	0	1377
1377	1	1376
1378	0	1379
1379	1	1378
1380	0	1381
1383	1	1382
1385	1	1384
1386	0	1387
1389	1	1388
1390	0	1391
1391	1	1390
1393	1	1392
1394	0	1395
1397	1	1396
1398	0	1399
1399	1	1398
1400	0	1401
1401	1	1400
1402	0	1403
1403	1	1402
1404	0	1405
1405	1	1404
1406	0	1407
1409	1	1408
1410	0	1411
1411	1	1410
1413	1	1412
1415	1	1414
1416	0	1417
1417	1	1416
1418	0	1419
1419	1	1418
1420	0	1421
1421	1	1420
1422	0	1423
1423	1	1422
1424	0	1425
1425	1	1424
1426	0	1427
1427	1	1426
1429	1	1428
1430	0	1431
1431	1	1430
1432	0	1433
1433	1	1432
1434	0	1435
1435	1	1434
1436	0	1437
1437	1	1436
1438	0	1439
1439	1	1438
1440	0	1441
1441	1	1440
1442	0	1443
1443	1	1442
1444	0	1445
1445	1	1444
1446	0	1447
1448	0	1449
1449	1	1448
1450	0	1451
1452	0	1453
1453	1	1452
1454	0	1455
1455	1	1454
1456	0	1457
1457	1	1456
1459	1	1458
1460	0	1461
1461	1	1460
1462	0	1463
1463	1	1462
1464	0	1465
1465	1	1464
1466	0	1467
1467	1	1466
1469	1	1468
1471	1	1470
1472	0	1473
1474	0	1475
1475	1	1474
1476	0	1477
1477	1	1476
1478	0	1479
1479	1	1478
1480	0	1481
1481	1	1480
1482	0	1483
1483	1	1482
1484	0	1485
1485	1	1484
1486	0	1487
1487	1	1486
1488	0	1489
1489	1	1488
1490	0	1491
1491	1	1490
1493	1	1492
1494	0	1495
1495	1	1494
1496	0	1497
1498	0	1499
1499	1	1498
1500	0	1501
1501	1	1500
1502	0	1503
1504	0	1505
1505	1	1504
1507	1	1506
1508	0	1509
1509	1	1508
1510	0	1511
1512	0	1513
1513	1	1512
1514	0	1515
1515	1	1514
1516	0	1517
1517	1	1516
1518	0	1519
1519	1	1518
1520	0	1521
1521	1	1520
1522	0	1523
1523	1	1522
1524	0	1525
1525	1	1524
1526	0	1527
1527	1	1526
1528	0	1529
1529	1	1528
1530	0	1531
1532	0	1533
1533	1	1532
1535	1	1534
1537	1	1536
1538	0	1539
1539	1	1538
1540	0	1541
1541	1	1540
1542	0	1543
1543	1	1542
1544	0	1545
1545	1	1544
1547	1	1546
1548	0	1549
1549	1	1548
1550	0	1551
1551	1	1550
1552	0	1553
1553	1	1552
1554	0	1555
1555	1	1554
1556	0	1557
1557	1	1556
1558	0	1559
1560	0	1561
1562	0	1563
1564	0	1565
1565	1	1564
1566	0	1567
1568	0	1569
1569	1	1568
1570	0	1571
1571	1	1570
1572	0	1573
1573	1	1572
1574	0	1575
1575	1	1574
1576	0	1577
1577	1	1576
1578	0	1579
1579	1	1578
1580	0	1581
1581	1	1580
1583	1	1582
1584	0	1585
1585	1	1584
1586	0	1587
1588	0	1589
1589	1	1588
1590	0	1591
1592	0	1593
1593	1	1592
1594	0	1595
1595	1	1594
1596	0	1597
1597	1	1596
1598	0	1599
1599	1	1598
1601	1	1600
1602	0	1603
1603	1	1602
1604	0	1605
1605	1	1604
1606	0	1607
1607	1	1606
1608	0	1609
1609	1	1608
1610	0	1611
1611	1	1610
1612	0	1613
1614	0	1615
1615	1	1614
1617	1	1616
1618	0	1619
1620	0	1621
1622	0	1623
1624	0	1625
1626	0	1627
1627	1	1626
1628	0	1629
1629	1	1628
1630	0	1631
1631	1	1630
1632	0	1633
1633	1	1632
1634	0	1635
1636	0	1637
1637	1	1636
1638	0	1639
1639	1	1638
1640	0	1641
1641	1	1640
1642	0	1643
1643	1	1642
1644	0	1645
1645	1	1644
1647	1	1646
1648	0	1649
1649	1	1648
1650	0	1651
1651	1	1650
1652	0	1653
1653	1	1652
1655	1	1654
1656	0	1657
1657	1	1656
1658	0	1659
1659	1	1658
1660	0	1661
1661	1	1660
1662	0	1663
1663	1	1662
1664	0	1665
1665	1	1664
1666	0	1667
1668	0	1669
1670	0	1671
1671	1	1670
1672	0	1673
1673	1	1672
1674	0	1675
1675	1	1674
1676	0	1677
1677	1	1676
1678	0	1679
1679	1	1678
1680	0	1681
1681	1	1680
1682	0	1683
1683	1	1682
1684	0	1685
1685	1	1684
1686	0	1687
1687	1	1686
1688	0	1689
1690	0	1691
1691	1	1690
1692	0	1693
1693	1	1692
1694	0	1695
1695	1	1694
1696	0	1697
1697	1	1696
1698	0	1699
1699	1	1698
1700	0	1701
1701	1	1700
1702	0	1703
1703	1	1702
1704	0	1705
1705	1	1704
1706	0	1707
1707	1	1706
1708	0	1709
1709	1	1708
1710	0	1711
1712	0	1713
1713	1	1712
1714	0	1715
1715	1	1714
1716	0	1717
1717	1	1716
1719	1	1718
1720	0	1721
1721	1	1720
1722	0	1723
1723	1	1722
1725	1	1724
1726	0	1727
1727	1	1726
1728	0	1729
1729	1	1728
1730	0	1731
1732	0	1733
1734	0	1735
1735	1	1734
1736	0	1737
1737	1	1736
1738	0	1739
1739	1	1738
1740	0	1741
1741	1	1740
1742	0	1743
1744	0	1745
1745	1	1744
1746	0	1747
1748	0	1749
1749	1	1748
1750	0	1751
1751	1	1750
1752	0	1753
1754	0	1755
1756	0	1757
1757	1	1756
1758	0	1759
1759	1	1758
1760	0	1761
1763	1	1762
1764	0	1765
1765	1	1764
1766	0	1767
1767	1	1766
1768	0	1769
1769	1	1768
1770	0	1771
1771	1	1770
1772	0	1773
1773	1	1772
1774	0	1775
1775	1	1774
1776	0	1777
1777	1	1776
1778	0	1779
1779	1	1778
1780	0	1781
1781	1	1780
1782	0	1783
1783	1	1782
1784	0	1785
1785	1	1784
1786	0	1787
1787	1	1786
1788	0	1789
1789	1	1788
1790	0	1791
1791	1	1790
1792	0	1793
1793	1	1792
1794	0	1795
1795	1	1794
1796	0	1797
1797	1	1796
1798	0	1799
1799	1	1798
1800	0	1801
1801	1	1800
1802	0	1803
1803	1	1802
1804	0	1805
1805	1	1804
1806	0	1807
1808	0	1809
1809	1	1808
1810	0	1811
1811	1	1810
1812	0	1813
1813	1	1812
1814	0	1815
1815	1	1814
1817	1	1816
1818	0	1819
1819	1	1818
1820	0	1821
1821	1	1820
1822	0	1823
1823	1	1822
1824	0	1825
1825	1	1824
1826	0	1827
1827	1	1826
1828	0	1829
1829	1	1828
1830	0	1831
1831	1	1830
1832	0	1833
1833	1	1832
1834	0	1835
1835	1	1834
1836	0	1837
1838	0	1839
1839	1	1838
1840	0	1841
1841	1	1840
1842	0	1843
1844	0	1845
1846	0	1847
1847	1	1846
1849	1	1848
1850	0	1851
1852	0	1853
1854	0	1855
1855	1	1854
1856	0	1857
1857	1	1856
1858	0	1859
1859	1	1858
1860	0	1861
1861	1	1860
1862	0	1863
1864	0	1865
1865	1	1864
1866	0	1867
1867	1	1866
1868	0	1869
1869	1	1868
1870	0	1871
1871	1	1870
1872	0	1873
1873	1	1872
1874	0	1875
1875	1	1874
1877	1	1876
1878	0	1879
1879	1	1878
1880	0	1881
1881	1	1880
1882	0	1883
1883	1	1882
1885	1	1884
1886	0	1887
1888	0	1889
1889	1	1888
1890	0	1891
1891	1	1890
1892	0	1893
1893	1	1892
1894	0	1895
1895	1	1894
1896	0	1897
1897	1	1896
1898	0	1899
1900	0	1901
1901	1	1900
1902	0	1903
1903	1	1902
1904	0	1905
1905	1	1904
1906	0	1907
1907	1	1906
1908	0	1909
1909	1	1908
1911	1	1910
1912	0	1913
1915	1	1914
1917	1	1916
1919	1	1918
1920	0	1921
1922	0	1923
1923	1	1922
1925	1	1924
1926	0	1927
1927	1	1926
1929	1	1928
1930	0	1931
1931	1	1930
1932	0	1933
1933	1	1932
1934	0	1935
1935	1	1934
1936	0	1937
1939	1	1938
1940	0	1941
1942	0	1943
1943	1	1942
1944	0	1945
1945	1	1944
1946	0	1947
1947	1	1946
1948	0	1949
1949	1	1948
1950	0	1951
1951	1	1950
1953	1	1952
1954	0	1955
1955	1	1954
1956	0	1957
1957	1	1956
1958	0	1959
1959	1	1958
1960	0	1961
1963	1	1962
1965	1	1964
1966	0	1967
1968	0	1969
1969	1	1968
1970	0	1971
1972	0	1973
1974	0	1975
1975	1	1974
1976	0	1977
1977	1	1976
1978	0	1979
1979	1	1978
1980	0	1981
1981	1	1980
1982	0	1983
1983	1	1982
1984	0	1985
1985	1	1984
1986	0	1987
1987	1	1986
1988	0	1989
1989	1	1988
1990	0	1991
1992	0	1993
1993	1	1992
1994	0	1995
1995	1	1994
1996	0	1997
1997	1	1996
1998	0	1999
1999	1	1998
2001	1	2000
2002	0	2003
2003	1	2002
2004	0	2005
2006	0	2007
2007	1	2006
2008	0	2009
2010	0	2011
2011	1	2010
2012	0	2013
2013	1	2012
2014	0	2015
2015	1	2014
2016	0	2017
2017	1	2016
2018	0	2019
2019	1	2018
2020	0	2021
2021	1	2020
2022	0	2023
2023	1	2022
2024	0	2025
2025	1	2024
2026	0	2027
2028	0	2029
2029	1	2028
2030	0	2031
2031	1	2030
2032	0	2033
2033	1	2032
2034	0	2035
2035	1	2034
2036	0	2037
2037	1	2036
2039	1	2038
2040	0	2041
2042	0	2043
2043	1	2042
2044	0	2045
2045	1	2044
2047	1	2046
2049	1	2048
2050	0	2051
2051	1	2050
2052	0	2053
2053	1	2052
2054	0	2055
2055	1	2054
2057	1	2056
2058	0	2059
2059	1	2058
2060	0	2061
2061	1	2060
2062	0	2063
2063	1	2062
2064	0	2065
2065	1	2064
2066	0	2067
2067	1	2066
2068	0	2069
2069	1	2068
2070	0	2071
2072	0	2073
2073	1	2072
2074	0	2075
2076	0	2077
2077	1	2076
2078	0	2079
2079	1	2078
2080	0	2081
2081	1	2080
2082	0	2083
2084	0	2085
2085	1	2084
2087	1	2086
2089	1	2088
2090	0	2091
2091	1	2090
2092	0	2093
2094	0	2095
2095	1	2094
2097	1	2096
2098	0	2099
2099	1	2098
2100	0	2101
2101	1	2100
2102	0	2103
2103	1	2102
2104	0	2105
2105	1	2104
2106	0	2107
2107	1	2106
2108	0	2109
2109	1	2108
2111	1	2110
2112	0	2113
2113	1	2112
2114	0	2115
2115	1	2114
2117	1	2116
2118	0	2119
2119	1	2118
2121	1	2120
2122	0	2123
2124	0	2125
2125	1	2124
2126	0	2127
2127	1	2126
2128	0	2129
2130	0	2131
2131	1	2130
2132	0	2133
2133	1	2132
2135	1	2134
2136	0	2137
2137	1	2136
2138	0	2139
2139	1	2138
2140	0	2141
2142	0	2143
2143	1	2142
2144	0	2145
2145	1	2144
2146	0	2147
2147	1	2146
2148	0	2149
2151	1	2150
2152	0	2153
2153	1	2152
2154	0	2155
2156	0	2157
2157	1	2156
2158	0	2159
2160	0	2161
2161	1	2160
2163	1	2162
2164	0	2165
2165	1	2164
2166	0	2167
2167	1	2166
2168	0	2169
2169	1	2168
2170	0	2171
2171	1	2170
2172	0	2173
2173	1	2172
2174	0	2175
2175	1	2174
2176	0	2177
2178	0	2179
2179	1	2178
2180	0	2181
2181	1	2180
2182	0	2183
2183	1	2182
2184	0	2185
2185	1	2184
2186	0	2187
2187	1	2186
2188	0	2189
2189	1	2188
2190	0	2191
2191	1	2190
2192	0	2193
2193	1	2192
2194	0	2195
2195	1	2194
2196	0	2197
2198	0	2199
2199	1	2198
2200	0	2201
2201	1	2200
2203	1	2202
2205	1	2204
2206	0	2207
2207	1	2206
2208	0	2209
2209	1	2208
2211	1	2210
2212	0	2213
2213	1	2212
2214	0	2215
2215	1	2214
2216	0	2217
2217	1	2216
2219	1	2218
2220	0	2221
2221	1	2220
2222	0	2223
2223	1	2222
2224	0	2225
2225	1	2224
2226	0	2227
2228	0	2229
2229	1	2228
2230	0	2231
2231	1	2230
2232	0	2233
2233	1	2232
2234	0	2235
2235	1	2234
2236	0	2237
2237	1	2236
2239	1	2238
2240	0	2241
2241	1	2240
2242	0	2243
2243	1	2242
2244	0	2245
2245	1	2244
2246	0	2247
2247	1	2246
2248	0	2249
2249	1	2248
2250	0	2251
2251	1	2250
2252	0	2253
2253	1	2252
2254	0	2255
2255	1	2254
2256	0	2257
2257	1	2256
2258	0	2259
2259	1	2258
2260	0	2261
2261	1	2260
2263	1	2262
2264	0	2265
2265	1	2264
2266	0	2267
2267	1	2266
2268	0	2269
2269	1	2268
2270	0	2271
2271	1	2270
2272	0	2273
2273	1	2272
2274	0	2275
2275	1	2274
2276	0	2277
2277	1	2276
2278	0	2279
2279	1	2278
2280	0	2281
2281	1	2280
2282	0	2283
2284	0	2285
2287	1	2286
2288	0	2289
2289	1	2288
2290	0	2291
2291	1	2290
2292	0	2293
2293	1	2292
2294	0	2295
2295	1	2294
2296	0	2297
2297	1	2296
2298	0	2299
2299	1	2298
2301	1	2300
2302	0	2303
2303	1	2302
2304	0	2305
2305	1	2304
2307	1	2306
2308	0	2309
2309	1	2308
2310	0	2311
2311	1	2310
2312	0	2313
2313	1	2312
2314	0	2315
2315	1	2314
2316	0	2317
2317	1	2316
2318	0	2319
2319	1	2318
2321	1	2320
2322	0	2323
2324	0	2325
2325	1	2324
2326	0	2327
2327	1	2326
2328	0	2329
2330	0	2331
2331	1	2330
2332	0	2333
2333	1	2332
2335	1	2334
2336	0	2337
2337	1	2336
2338	0	2339
2339	1	2338
2340	0	2341
2341	1	2340
2343	1	2342
2345	1	2344
2346	0	2347
2347	1	2346
2348	0	2349
2349	1	2348
2350	0	2351
2351	1	2350
2352	0	2353
2353	1	2352
2355	1	2354
2356	0	2357
2357	1	2356
2358	0	2359
2359	1	2358
2360	0	2361
2361	1	2360
2362	0	2363
2363	1	2362
2364	0	2365
2367	1	2366
2368	0	2369
2369	1	2368
2370	0	2371
2372	0	2373
2373	1	2372
2374	0	2375
2375	1	2374
2376	0	2377
2377	1	2376
2378	0	2379
2380	0	2381
2381	1	2380
2383	1	2382
2384	0	2385
2385	1	2384
2386	0	2387
2388	0	2389
2389	1	2388
2390	0	2391
2392	0	2393
2393	1	2392
2394	0	2395
2395	1	2394
2396	0	2397
2398	0	2399
2399	1	2398
2401	1	2400
2402	0	2403
2403	1	2402
2404	0	2405
2405	1	2404
2406	0	2407
2407	1	2406
2408	0	2409
2409	1	2408
2410	0	2411
2413	1	2412
2414	0	2415
2415	1	2414
2416	0	2417
2417	1	2416
2418	0	2419
2420	0	2421
2421	1	2420
2422	0	2423
2423	1	2422
2424	0	2425
2425	1	2424
2426	0	2427
2429	1	2428
2430	0	2431
2431	1	2430
2433	1	2432
2434	0	2435
2435	1	2434
2437	1	2436
2438	0	2439
2439	1	2438
2440	0	2441
2441	1	2440
2442	0	2443
2443	1	2442
2444	0	2445
2445	1	2444
2446	0	2447
2447	1	2446
2448	0	2449
2449	1	2448
2450	0	2451
2451	1	2450
2452	0	2453
2453	1	2452
2455	1	2454
2456	0	2457
2457	1	2456
2458	0	2459
2460	0	2461
2461	1	2460
2462	0	2463
2463	1	2462
2464	0	2465
2465	1	2464
2466	0	2467
2467	1	2466
2468	0	2469
2470	0	2471
2471	1	2470
2472	0	2473
2473	1	2472
2474	0	2475
2477	1	2476
2479	1	2478
2480	0	2481
2481	1	2480
2482	0	2483
2484	0	2485
2485	1	2484
2486	0	2487
2487	1	2486
2489	1	2488
2490	0	2491
2492	0	2493
2493	1	2492
2494	0	2495
2495	1	2494
2496	0	2497
2498	0	2499
2499	1	2498
2501	1	2500
2502	0	2503
2503	1	2502
2505	1	2504
2506	0	2507
2507	1	2506
2508	0	2509
2509	1	2508
2510	0	2511
2511	1	2510
2512	0	2513
2515	1	2514
2517	1	2516
2518	0	2519
2519	1	2518
2520	0	2521
2522	0	2523
2523	1	2522
2524	0	2525
2526	0	2527
2527	1	2526
2528	0	2529
2529	1	2528
2530	0	2531
2532	0	2533
2533	1	2532
2534	0	2535
2535	1	2534
2536	0	2537
2537	1	2536
2538	0	2539
2539	1	2538
2540	0	2541
2541	1	2540
2542	0	2543
2543	1	2542
2544	0	2545
2545	1	2544
2546	0	2547
2547	1	2546
2549	1	2548
2550	0	2551
2552	0	2553
2553	1	2552
2554	0	2555
2555	1	2554
2557	1	2556
2559	1	2558
2560	0	2561
2562	0	2563
2563	1	2562
2564	0	2565
2565	1	2564
2567	1	2566
2568	0	2569
2570	0	2571
2571	1	2570
2572	0	2573
2574	0	2575
2575	1	2574
2576	0	2577
2577	1	2576
2578	0	2579
2579	1	2578
2580	0	2581
2581	1	2580
2582	0	2583
2583	1	2582
2584	0	2585
2585	1	2584
2586	0	2587
2587	1	2586
2588	0	2589
2589	1	2588
2590	0	2591
2592	0	2593
2593	1	2592
2595	1	2594
2596	0	2597
2598	0	2599
2599	1	2598
2600	0	2601
2601	1	2600
2602	0	2603
2603	1	2602
2605	1	2604
2606	0	2607
2607	1	2606
2608	0	2609
2609	1	2608
2610	0	2611
2611	1	2610
2613	1	2612
2614	0	2615
2615	1	2614
2616	0	2617
2619	1	2618
2621	1	2620
2622	0	2623
2623	1	2622
2624	0	2625
2625	1	2624
2626	0	2627
2627	1	2626
2628	0	2629
2629	1	2628
2630	0	2631
2631	1	2630
2632	0	2633
2633	1	2632
2635	1	2634
2636	0	2637
2637	1	2636
2638	0	2639
2639	1	2638
2640	0	2641
2642	0	2643
2643	1	2642
2644	0	2645
2645	1	2644
2646	0	2647
2648	0	2649
2649	1	2648
2650	0	2651
2651	1	2650
2652	0	2653
2653	1	2652
2654	0	2655
2656	0	2657
2658	0	2659
2659	1	2658
2660	0	2661
2661	1	2660
2662	0	2663
2663	1	2662
2664	0	2665
2665	1	2664
2666	0	2667
2667	1	2666
2668	0	2669
2669	1	2668
2670	0	2671
2672	0	2673
2673	1	2672
2674	0	2675
2675	1	2674
2676	0	2677
2677	1	2676
2678	0	2679
2679	1	2678
2680	0	2681
2681	1	2680
2682	0	2683
2684	0	2685
2685	1	2684
2687	1	2686
2688	0	2689
2689	1	2688
2690	0	2691
2691	1	2690
2692	0	2693
2693	1	2692
2695	1	2694
2696	0	2697
2697	1	2696
2699	1	2698
2700	0	2701
2701	1	2700
2702	0	2703
2703	1	2702
2704	0	2705
2705	1	2704
2706	0	2707
2707	1	2706
2708	0	2709
2709	1	2708
2710	0	2711
2711	1	2710
2712	0	2713
2713	1	2712
2714	0	2715
2716	0	2717
2717	1	2716
2719	1	2718
2720	0	2721
2721	1	2720
2722	0	2723
2723	1	2722
2724	0	2725
2725	1	2724
2726	0	2727
2728	0	2729
2729	1	2728
2730	0	2731
2731	1	2730
2732	0	2733
2733	1	2732
2734	0	2735
2735	1	2734
2736	0	2737
2737	1	2736
2738	0	2739
2739	1	2738
2740	0	2741
2741	1	2740
2742	0	2743
2743	1	2742
2744	0	2745
2745	1	2744
2746	0	2747
2748	0	2749
2749	1	2748
2750	0	2751
2752	0	2753
2753	1	2752
2754	0	2755
2757	1	2756
2759	1	2758
2760	0	2761
2761	1	2760
2762	0	2763
2763	1	2762
2765	1	2764
2767	1	2766
2768	0	2769
2769	1	2768
2770	0	2771
2771	1	2770
2772	0	2773
2773	1	2772
2774	0	2775
2775	1	2774
2776	0	2777
2777	1	2776
2778	0	2779
2779	1	2778
2780	0	2781
2781	1	2780
2782	0	2783
2784	0	2785
2785	1	2784
2786	0	2787
2787	1	2786
2788	0	2789
2789	1	2788
2790	0	2791
2791	1	2790
2792	0	2793
2793	1	2792
2794	0	2795
2795	1	2794
2797	1	2796
2798	0	2799
2799	1	2798
2800	0	2801
2801	1	2800
2803	1	2802
2805	1	2804
2806	0	2807
2807	1	2806
2808	0	2809
2809	1	2808
2810	0	2811
2811	1	2810
2813	1	2812
2814	0	2815
2817	1	2816
2818	0	2819
2819	1	2818
2820	0	2821
2821	1	2820
2822	0	2823
2823	1	2822
2824	0	2825
2825	1	2824
2826	0	2827
2827	1	2826
2828	0	2829
2830	0	2831
2831	1	2830
2832	0	2833
2834	0	2835
2835	1	2834
2836	0	2837
2839	1	2838
2840	0	2841
2841	1	2840
2842	0	2843
2844	0	2845
2845	1	2844
2846	0	2847
2847	1	2846
2848	0	2849
2849	1	2848
2850	0	2851
2851	1	2850
2853	1	2852
2855	1	2854
2856	0	2857
2857	1	2856
2859	1	2858
2860	0	2861
2862	0	2863
2863	1	2862
2864	0	2865
2865	1	2864
2866	0	2867
2867	1	2866
2869	1	2868
2870	0	2871
2872	0	2873
2873	1	2872
2874	0	2875
2875	1	2874
2876	0	2877
2877	1	2876
2878	0	2879
2879	1	2878
2880	0	2881
2883	1	2882
2884	0	2885
2885	1	2884
2886	0	2887
2887	1	2886
2888	0	2889
2889	1	2888
2890	0	2891
2891	1	2890
2892	0	2893
2893	1	2892
2894	0	2895
2895	1	2894
2896	0	2897
2898	0	2899
2900	0	2901
2901	1	2900
2902	0	2903
2903	1	2902
2904	0	2905
2905	1	2904
2906	0	2907
2907	1	2906
2909	1	2908
2910	0	2911
2911	1	2910
2912	0	2913
2914	0	2915
2916	0	2917
2917	1	2916
2918	0	2919
2919	1	2918
2921	1	2920
2922	0	2923
2923	1	2922
2924	0	2925
2925	1	2924
2926	0	2927
2927	1	2926
2928	0	2929
2929	1	2928
2930	0	2931
2931	1	2930
2932	0	2933
2933	1	2932
2934	0	2935
2935	1	2934
2936	0	2937
2937	1	2936
2938	0	2939
2940	0	2941
2941	1	2940
2942	0	2943
2943	1	2942
2944	0	2945
2945	1	2944
2946	0	2947
2947	1	2946
2949	1	2948
2950	0	2951
2951	1	2950
2953	1	2952
2954	0	2955
2955	1	2954
2956	0	2957
2957	1	2956
2958	0	2959
2959	1	2958
2960	0	2961
2962	0	2963
2963	1	2962
2964	0	2965
2965	1	2964
2966	0	2967
2967	1	2966
2969	1	2968
2971	1	2970
2972	0	2973
2973	1	2972
2974	0	2975
2975	1	2974
2976	0	2977
2977	1	2976
2978	0	2979
2979	1	2978
2981	1	2980
2982	0	2983
2983	1	2982
2984	0	2985
2985	1	2984
2986	0	2987
2987	1	2986
2988	0	2989
2989	1	2988
2990	0	2991
2991	1	2990
2992	0	2993
2993	1	2992
2994	0	2995
2995	1	2994
2996	0	2997
2998	0	2999
2999	1	2998
3001	1	3000
3002	0	3003
3005	1	3004
3006	0	3007
3007	1	3006
3008	0	3009
3011	1	3010
3012	0	3013
3013	1	3012
3014	0	3015
3016	0	3017
3017	1	3016
3018	0	3019
3020	0	3021
3021	1	3020
3022	0	3023
3023	1	3022
3024	0	3025
3025	1	3024
3027	1	3026
3028	0	3029
3029	1	3028
3030	0	3031
3031	1	3030
3032	0	3033
3033	1	3032
3034	0	3035
3035	1	3034
3036	0	3037
3037	1	3036
3038	0	3039
3039	1	3038
3040	0	3041
3043	1	3042
3044	0	3045
3045	1	3044
3046	0	3047
3047	1	3046
3048	0	3049
3049	1	3048
3050	0	3051
3053	1	3052
3054	0	3055
3055	1	3054
3057	1	3056
3058	0	3059
3059	1	3058
3060	0	3061
3061	1	3060
3062	0	3063
3064	0	3065
3065	1	3064
3067	1	3066
3068	0	3069
3069	1	3068
3070	0	3071
3071	1	3070
3072	0	3073
3073	1	3072
3074	0	3075
3075	1	3074
3076	0	3077
3079	1	3078
3080	0	3081
3081	1	3080
3083	1	3082
3084	0	3085
3085	1	3084
3087	1	3086
3089	1	3088
3090	0	3091
3091	1	3090
3092	0	3093
3093	1	3092
3094	0	3095
3095	1	3094
3096	0	3097
3097	1	3096
3098	0	3099
3099	1	3098
3101	1	3100
3102	0	3103
3103	1	3102
3104	0	3105
3106	0	3107
3107	1	3106
3109	1	3108
3110	0	3111
3111	1	3110
3112	0	3113
3113	1	3112
3114	0	3115
3115	1	3114
3116	0	3117
3117	1	3116
3118	0	3119
3120	0	3121
3121	1	3120
3122	0	3123
3123	1	3122
3125	1	3124
3126	0	3127
3127	1	3126
3128	0	3129
3129	1	3128
3130	0	3131
3131	1	3130
3132	0	3133
3133	1	3132
3134	0	3135
3135	1	3134
3136	0	3137
3138	0	3139
3139	1	3138
3140	0	3141
3141	1	3140
3142	0	3143
3143	1	3142
3144	0	3145
3145	1	3144
3146	0	3147
3147	1	3146
3148	0	3149
3149	1	3148
3150	0	3151
3151	1	3150
3153	1	3152
3154	0	3155
3155	1	3154
3156	0	3157
3157	1	3156
3158	0	3159
3159	1	3158
3160	0	3161
3161	1	3160
3163	1	3162
3164	0	3165
3166	0	3167
3169	1	3168
3170	0	3171
3171	1	3170
3172	0	3173
3173	1	3172
3174	0	3175
3175	1	3174
3176	0	3177
3177	1	3176
3178	0	3179
3180	0	3181
3181	1	3180
3182	0	3183
3184	0	3185
3185	1	3184
3186	0	3187
3187	1	3186
3188	0	3189
3189	1	3188
3190	0	3191
3191	1	3190
3192	0	3193
3194	0	3195
3195	1	3194
3197	1	3196
3199	1	3198
3200	0	3201
3201	1	3200
3202	0	3203
3203	1	3202
3204	0	3205
3205	1	3204
3206	0	3207
3207	1	3206
3208	0	3209
3211	1	3210
3212	0	3213
3213	1	3212
3214	0	3215
3215	1	3214
3216	0	3217
3217	1	3216
3218	0	3219
3219	1	3218
3220	0	3221
3221	1	3220
3222	0	3223
3223	1	3222
3224	0	3225
3225	1	3224
3226	0	3227
3227	1	3226
3228	0	3229
3229	1	3228
3230	0	3231
3231	1	3230
3232	0	3233
3233	1	3232
3234	0	3235
3236	0	3237
3237	1	3236
3238	0	3239
3239	1	3238
3240	0	3241
3241	1	3240
3242	0	3243
3243	1	3242
3245	1	3244
3246	0	3247
3247	1	3246
3248	0	3249
3249	1	3248
3250	0	3251
3251	1	3250
3252	0	3253
3254	0	3255
3255	1	3254
3256	0	3257
3257	1	3256
3259	1	3258
3260	0	3261
3261	1	3260
3262	0	3263
3263	1	3262
3264	0	3265
3265	1	3264
3266	0	3267
3269	1	3268
3270	0	3271
3271	1	3270
3272	0	3273
3273	1	3272
3274	0	3275
3275	1	3274
3276	0	3277
3277	1	3276
3279	1	3278
3280	0	3281
3281	1	3280
3282	0	3283
3283	1	3282
3284	0	3285
3286	0	3287
3287	1	3286
3288	0	3289
3289	1	3288
3290	0	3291
3291	1	3290
3292	0	3293
3293	1	3292
3295	1	3294
3296	0	3297
3297	1	3296
3298	0	3299
3299	1	3298
3300	0	3301
3301	1	3300
3302	0	3303
3303	1	3302
3304	0	3305
3305	1	3304
3306	0	3307
3307	1	3306
3309	1	3308
3310	0	3311
3311	1	3310
3312	0	3313
3313	1	3312
3315	1	3314
3316	0	3317
3317	1	3316
3318	0	3319
3319	1	3318
3320	0	3321
3321	1	3320
3322	0	3323
3323	1	3322
3324	0	3325
3325	1	3324
3326	0	3327
3328	0	3329
3329	1	3328
3330	0	3331
3331	1	3330
3332	0	3333
3333	1	3332
3334	0	3335
3336	0	3337
3337	1	3336
3338	0	3339
3339	1	3338
3341	1	3340
3342	0	3343
3343	1	3342
3344	0	3345
3346	0	3347
3347	1	3346
3349	1	3348
3350	0	3351
3352	0	3353
3353	1	3352
3354	0	3355
3355	1	3354
3356	0	3357
3357	1	3356
3358	0	3359
3359	1	3358
3360	0	3361
3361	1	3360
3362	0	3363
3363	1	3362
3364	0	3365
3365	1	3364
3366	0	3367
3367	1	3366
3368	0	3369
3369	1	3368
3370	0	3371
3371	1	3370
3372	0	3373
3373	1	3372
3375	1	3374
3377	1	3376
3378	0	3379
3379	1	3378
3381	1	3380
3382	0	3383
3383	1	3382
3384	0	3385
3385	1	3384
3386	0	3387
3387	1	3386
3388	0	3389
3389	1	3388
3390	0	3391
3391	1	3390
3392	0	3393
3393	1	3392
3394	0	3395
3396	0	3397
3397	1	3396
3399	1	3398
3400	0	3401
3401	1	3400
3402	0	3403
3404	0	3405
3405	1	3404
3406	0	3407
3407	1	3406
3408	0	3409
3410	0	3411
3411	1	3410
3412	0	3413
3413	1	3412
3414	0	3415
3415	1	3414
3416	0	3417
3417	1	3416
3418	0	3419
3419	1	3418
3420	0	3421
3421	1	3420
3422	0	3423
3423	1	3422
3424	0	3425
3425	1	3424
3426	0	3427
3427	1	3426
3428	0	3429
3429	1	3428
3430	0	3431
3431	1	3430
3432	0	3433
3433	1	3432
3434	0	3435
3435	1	3434
3436	0	3437
3438	0	3439
3439	1	3438
3440	0	3441
3441	1	3440
3442	0	3443
3443	1	3442
3444	0	3445
3446	0	3447
3447	1	3446
3448	0	3449
3449	1	3448
3450	0	3451
3452	0	3453
3453	1	3452
3454	0	3455
3455	1	3454
3456	0	3457
3457	1	3456
3458	0	3459
3459	1	3458
3460	0	3461
3461	1	3460
3462	0	3463
3464	0	3465
3465	1	3464
3466	0	3467
3467	1	3466
3469	1	3468
3470	0	3471
3471	1	3470
3472	0	3473
3473	1	3472
3475	1	3474
3477	1	3476
3478	0	3479
3479	1	3478
3480	0	3481
3481	1	3480
3482	0	3483
3483	1	3482
3484	0	3485
3485	1	3484
3487	1	3486
3488	0	3489
3489	1	3488
3490	0	3491
3492	0	3493
3493	1	3492
3494	0	3495
3495	1	3494
3496	0	3497
3497	1	3496
3498	0	3499
3499	1	3498
3500	0	3501
3501	1	3500
3502	0	3503
3503	1	3502
3504	0	3505
3506	0	3507
3507	1	3506
3509	1	3508
3510	0	3511
3511	1	3510
3512	0	3513
3513	1	3512
3514	0	3515
3515	1	3514
3516	0	3517
3517	1	3516
3518	0	3519
3520	0	3521
3523	1	3522
3524	0	3525
3525	1	3524
3526	0	3527
3527	1	3526
3528	0	3529
3529	1	3528
3530	0	3531
3531	1	3530
3532	0	3533
3535	1	3534
3536	0	3537
3537	1	3536
3538	0	3539
3539	1	3538
3540	0	3541
3541	1	3540
3542	0	3543
3543	1	3542
3545	1	3544
3546	0	3547
3547	1	3546
3549	1	3548
3550	0	3551
3552	0	3553
3553	1	3552
3554	0	3555
3555	1	3554
3556	0	3557
3557	1	3556
3558	0	3559
3559	1	3558
3560	0	3561
3561	1	3560
3562	0	3563
3563	1	3562
3564	0	3565
3565	1	3564
3566	0	3567
3567	1	3566
3568	0	3569
3571	1	3570
3572	0	3573
3573	1	3572
3575	1	3574
3576	0	3577
3577	1	3576
3578	0	3579
3579	1	3578
3580	0	3581
3581	1	3580
3583	1	3582
3584	0	3585
3586	0	3587
3587	1	3586
3588	0	3589
3589	1	3588
3590	0	3591
3591	1	3590
3592	0	3593
3595	1	3594
3596	0	3597
3597	1	3596
3599	1	3598
3600	0	3601
3601	1	3600
3602	0	3603
3603	1	3602
3604	0	3605
3605	1	3604
3607	1	3606
3608	0	3609
3609	1	3608
3611	1	3610
3612	0	3613
3614	0	3615
3615	1	3614
3616	0	3617
3617	1	3616
3618	0	3619
3619	1	3618
3620	0	3621
3621	1	3620
3622	0	3623
3623	1	3622
3624	0	3625
3625	1	3624
3626	0	3627
3628	0	3629
3629	1	3628
3630	0	3631
3631	1	3630
3632	0	3633
3633	1	3632
3634	0	3635
3635	1	3634
3636	0	3637
3637	1	3636
3638	0	3639
3639	1	3638
3641	1	3640
3643	1	3642
3644	0	3645
3645	1	3644
3646	0	3647
3647	1	3646
3648	0	3649
3650	0	3651
3651	1	3650
3652	0	3653
3653	1	3652
3654	0	3655
3655	1	3654
3656	0	3657
3657	1	3656
3658	0	3659
3660	0	3661
3661	1	3660
3662	0	3663
3664	0	3665
3665	1	3664
3666	0	3667
3669	1	3668
3671	1	3670
3672	0	3673
3673	1	3672
3674	0	3675
3675	1	3674
3676	0	3677
3678	0	3679
3679	1	3678
3680	0	3681
3681	1	3680
3682	0	3683
3683	1	3682
3684	0	3685
3685	1	3684
3687	1	3686
3688	0	3689
3689	1	3688
3690	0	3691
3691	1	3690
3692	0	3693
3694	0	3695
3695	1	3694
3696	0	3697
3697	1	3696
3698	0	3699
3700	0	3701
3701	1	3700
3702	0	3703
3704	0	3705
3705	1	3704
3706	0	3707
3707	1	3706
3708	0	3709
3709	1	3708
3710	0	3711
3711	1	3710
3712	0	3713
3713	1	3712
3714	0	3715
3715	1	3714
3716	0	3717
3718	0	3719
3719	1	3718
3720	0	3721
3721	1	3720
3723	1	3722
3724	0	3725
3725	1	3724
3726	0	3727
3727	1	3726
3729	1	3728
3730	0	3731
3731	1	3730
3732	0	3733
3733	1	3732
3734	0	3735
3735	1	3734
3736	0	3737
3737	1	3736
3738	0	3739
3740	0	3741
3741	1	3740
3742	0	3743
3743	1	3742
3744	0	3745
3745	1	3744
3746	0	3747
3747	1	3746
3748	0	3749
3750	0	3751
3751	1	3750
3752	0	3753
3753	1	3752
3754	0	3755
3755	1	3754
3756	0	3757
3757	1	3756
3758	0	3759
3759	1	3758
3760	0	3761
3761	1	3760
3762	0	3763
3764	0	3765
3765	1	3764
3766	0	3767
3767	1	3766
3768	0	3769
3769	1	3768
3770	0	3771
3771	1	3770
3773	1	3772
3774	0	3775
3775	1	3774
3776	0	3777
3777	1	3776
3778	0	3779
3780	0	3781
3781	1	3780
3782	0	3783
3783	1	3782
3784	0	3785
3785	1	3784
3786	0	3787
3787	1	3786
3788	0	3789
3789	1	3788
3790	0	3791
3791	1	3790
3792	0	3793
3793	1	3792
3794	0	3795
3795	1	3794
3796	0	3797
3797	1	3796
3798	0	3799
3799	1	3798
3801	1	3800
3802	0	3803
3803	1	3802
3804	0	3805
3805	1	3804
3806	0	3807
3807	1	3806
3808	0	3809
3809	1	3808
3810	0	3811
3812	0	3813
3814	0	3815
3815	1	3814
3817	1	3816
3818	0	3819
3819	1	3818
3820	0	3821
3823	1	3822
3824	0	3825
3825	1	3824
3826	0	3827
3827	1	3826
3828	0	3829
3830	0	3831
3831	1	3830
3832	0	3833
3833	1	3832
3835	1	3834
3836	0	3837
3837	1	3836
3838	0	3839
3839	1	3838
3840	0	3841
3841	1	3840
3842	0	3843
3843	1	3842
3844	0	3845
3845	1	3844
3847	1	3846
3849	1	3848
3850	0	3851
3851	1	3850
3852	0	3853
3853	1	3852
3854	0	3855
3855	1	3854
3856	0	3857
3857	1	3856
3858	0	3859
3860	0	3861
3861	1	3860
3862	0	3863
3863	1	3862
3864	0	3865
3865	1	3864
3867	1	3866
3868	0	3869
3869	1	3868
3870	0	3871
3872	0	3873
3873	1	3872
3874	0	3875
3875	1	3874
3876	0	3877
3877	1	3876
3878	0	3879
3879	1	3878
3881	1	3880
3882	0	3883
3884	0	3885
3885	1	3884
3886	0	3887
3887	1	3886
3888	0	3889
3889	1	3888
3890	0	3891
3892	0	3893
3893	1	3892
3894	0	3895
3895	1	3894
3896	0	3897
3898	0	3899
3899	1	3898
3900	0	3901
3901	1	3900
3902	0	3903
3903	1	3902
3904	0	3905
3905	1	3904
3906	0	3907
3907	1	3906
3908	0	3909
3909	1	3908
3910	0	3911
3912	0	3913
3913	1	3912
3914	0	3915
3915	1	3914
3916	0	3917
3917	1	3916
3918	0	3919
3919	1	3918
3920	0	3921
3921	1	3920
3922	0	3923
3923	1	3922
3924	0	3925
3926	0	3927
3928	0	3929
3929	1	3928
3930	0	3931
3931	1	3930
3932	0	3933
3933	1	3932
3934	0	3935
3935	1	3934
3936	0	3937
3937	1	3936
3938	0	3939
3940	0	3941
3941	1	3940
3942	0	3943
3943	1	3942
3944	0	3945
3945	1	3944
3946	0	3947
3948	0	3949
3949	1	3948
3950	0	3951
3953	1	3952
3954	0	3955
3955	1	3954
3956	0	3957
3957	1	3956
3958	0	3959
3960	0	3961
3962	0	3963
3965	1	3964
3966	0	3967
3967	1	3966
3968	0	3969
3969	1	3968
3970	0	3971
3971	1	3970
3972	0	3973
3973	1	3972
3974	0	3975
3976	0	3977
3977	1	3976
3978	0	3979
3979	1	3978
3980	0	3981
3981	1	3980
3982	0	3983
3983	1	3982
3984	0	3985
3986	0	3987
3987	1	3986
3988	0	3989
3989	1	3988
3990	0	3991
3992	0	3993
3993	1	3992
3995	1	3994
3996	0	3997
3997	1	3996
3998	0	3999
3999	1	3998
4000	0	4001
4001	1	4000
4002	0	4003
4003	1	4002
4004	0	4005
4005	1	4004
4006	0	4007
4007	1	4006
4008	0	4009
4009	1	4008
4010	0	4011
4011	1	4010
4012	0	4013
4013	1	4012
4014	0	4015
4015	1	4014
4016	0	4017
4017	1	4016
4018	0	4019
4019	1	4018
4020	0	4021
4021	1	4020
4022	0	4023
4023	1	4022
4024	0	4025
4026	0	4027
4028	0	4029
4029	1	4028
4031	1	4030
4033	1	4032
4034	0	4035
4035	1	4034
4036	0	4037
4037	1	4036
4038	0	4039
4039	1	4038
4040	0	4041
4042	0	4043
4044	0	4045
4045	1	4044
4046	0	4047
4047	1	4046
4048	0	4049
4049	1	4048
4050	0	4051
4051	1	4050
4052	0	4053
4053	1	4052
4054	0	4055
4055	1	4054
4056	0	4057
4057	1	4056
4058	0	4059
4059	1	4058
4060	0	4061
4061	1	4060
4062	0	4063
4063	1	4062
4064	0	4065
4065	1	4064
4066	0	4067
4067	1	4066
4069	1	4068
4070	0	4071
4072	0	4073
4073	1	4072
4075	1	4074
4076	0	4077
4077	1	4076
4078	0	4079
4080	0	4081
4081	1	4080
4082	0	4083
4083	1	4082
4084	0	4085
4086	0	4087
4088	0	4089
4090	0	4091
4092	0	4093
4093	1	4092
4094	0	4095
4095	1	4094
4096	0	4097
4097	1	4096
4098	0	4099
4099	1	4098
4100	0	4101
4101	1	4100
4102	0	4103
4105	1	4104
4107	1	4106
4108	0	4109
4109	1	4108
4110	0	4111
4112	0	4113
4113	1	4112
4114	0	4115
4115	1	4114
4116	0	4117
4117	1	4116
4118	0	4119
4119	1	4118
4120	0	4121
4121	1	4120
4122	0	4123
4123	1	4122
4124	0	4125
4125	1	4124
4127	1	4126
4129	1	4128
4130	0	4131
4132	0	4133
4134	0	4135
4135	1	4134
4136	0	4137
4137	1	4136
4138	0	4139
4139	1	4138
4140	0	4141
4141	1	4140
4142	0	4143
4143	1	4142
4144	0	4145
4145	1	4144
4146	0	4147
4147	1	4146
4148	0	4149
4149	1	4148
4150	0	4151
4151	1	4150
4152	0	4153
4155	1	4154
4156	0	4157
4158	0	4159
4159	1	4158
4160	0	4161
4161	1	4160
4163	1	4162
4164	0	4165
4165	1	4164
4166	0	4167
4167	1	4166
4168	0	4169
4169	1	4168
4171	1	4170
4172	0	4173
4173	1	4172
4174	0	4175
4176	0	4177
4177	1	4176
4178	0	4179
4179	1	4178
4180	0	4181
4181	1	4180
4182	0	4183
4183	1	4182
4184	0	4185
4185	1	4184
4186	0	4187
4187	1	4186
4188	0	4189
4189	1	4188
4191	1	4190
4192	0	4193
4193	1	4192
4194	0	4195
4195	1	4194
4196	0	4197
4197	1	4196
4198	0	4199
4200	0	4201
4201	1	4200
4202	0	4203
4203	1	4202
4205	1	4204
4207	1	4206
4208	0	4209
4209	1	4208
4210	0	4211
4211	1	4210
4212	0	4213
4213	1	4212
4215	1	4214
4216	0	4217
4218	0	4219
4219	1	4218
4221	1	4220
4222	0	4223
4223	1	4222
4224	0	4225
4225	1	4224
4227	1	4226
4228	0	4229
4229	1	4228
4230	0	4231
4231	1	4230
4232	0	4233
4234	0	4235
4235	1	4234
4237	1	4236
4238	0	4239
4240	0	4241
4241	1	4240
4242	0	4243
4244	0	4245
4245	1	4244
4246	0	4247
4247	1	4246
4249	1	4248
4250	0	4251
4251	1	4250
4253	1	4252
4254	0	4255
4256	0	4257
4258	0	4259
4259	1	4258
4260	0	4261
4262	0	4263
4263	1	4262
4265	1	4264
4266	0	4267
4267	1	4266
4268	0	4269
4269	1	4268
4270	0	4271
4271	1	4270
4273	1	4272
4274	0	4275
4275	1	4274
4276	0	4277
4277	1	4276
4278	0	4279
4279	1	4278
4280	0	4281
4281	1	4280
4282	0	4283
4283	1	4282
4284	0	4285
4285	1	4284
4286	0	4287
4287	1	4286
4288	0	4289
4291	1	4290
4292	0	4293
4294	0	4295
4295	1	4294
4296	0	4297
4297	1	4296
4298	0	4299
4299	1	4298
4301	1	4300
4302	0	4303
4303	1	4302
4304	0	4305
4305	1	4304
4307	1	4306
4308	0	4309
4310	0	4311
4311	1	4310
4312	0	4313
4313	1	4312
4315	1	4314
4316	0	4317
4318	0	4319
4319	1	4318
4320	0	4321
4321	1	4320
4322	0	4323
4323	1	4322
4324	0	4325
4325	1	4324
4326	0	4327
4327	1	4326
4328	0	4329
4330	0	4331
4331	1	4330
4333	1	4332
4334	0	4335
4335	1	4334
4336	0	4337
4338	0	4339
4339	1	4338
4340	0	4341
4341	1	4340
4342	0	4343
4343	1	4342
4344	0	4345
4345	1	4344
4346	0	4347
4347	1	4346
4348	0	4349
4350	0	4351
4351	1	4350
4352	0	4353
4353	1	4352
4355	1	4354
4357	1	4356
4358	0	4359
4359	1	4358
4360	0	4361
4361	1	4360
4362	0	4363
4363	1	4362
4364	0	4365
4365	1	4364
4367	1	4366
4369	1	4368
4370	0	4371
4372	0	4373
4373	1	4372
4374	0	4375
4375	1	4374
4377	1	4376
4378	0	4379
4379	1	4378
4380	0	4381
4383	1	4382
4384	0	4385
4386	0	4387
4387	1	4386
4389	1	4388
4390	0	4391
4391	1	4390
4392	0	4393
4393	1	4392
4394	0	4395
4395	1	4394
4396	0	4397
4397	1	4396
4398	0	4399
4399	1	4398
4400	0	4401
4401	1	4400
4402	0	4403
4403	1	4402
4404	0	4405
4405	1	4404
4407	1	4406
4408	0	4409
4409	1	4408
4410	0	4411
4411	1	4410
4412	0	4413
4413	1	4412
4414	0	4415
4416	0	4417
4417	1	4416
4418	0	4419
4420	0	4421
4421	1	4420
4423	1	4422
4424	0	4425
4425	1	4424
4426	0	4427
4427	1	4426
4428	0	4429
4429	1	4428
4430	0	4431
4431	1	4430
4432	0	4433
4433	1	4432
4434	0	4435
4436	0	4437
4438	0	4439
4439	1	4438
4440	0	4441
4441	1	4440
4442	0	4443
4444	0	4445
4446	0	4447
4447	1	4446
4448	0	4449
4449	1	4448
4450	0	4451
4451	1	4450
4453	1	4452
4454	0	4455
4455	1	4454
4456	0	4457
4457	1	4456
4458	0	4459
4459	1	4458
4461	1	4460
4462	0	4463
4463	1	4462
4465	1	4464
4466	0	4467
4467	1	4466
4468	0	4469
4469	1	4468
4471	1	4470
4472	0	4473
4473	1	4472
4474	0	4475
4476	0	4477
4477	1	4476
4478	0	4479
4479	1	4478
4480	0	4481
4481	1	4480
4482	0	4483
4483	1	4482
4484	0	4485
4485	1	4484
4487	1	4486
4489	1	4488
4490	0	4491
4491	1	4490
4492	0	4493
4493	1	4492
4494	0	4495
4495	1	4494
4497	1	4496
4498	0	4499
4499	1	4498
4501	1	4500
4502	0	4503
4503	1	4502
4505	1	4504
4506	0	4507
4508	0	4509
4509	1	4508
4510	0	4511
4511	1	4510
4512	0	4513
4513	1	4512
4514	0	4515
4517	1	4516
4518	0	4519
4519	1	4518
4520	0	4521
4521	1	4520
4522	0	4523
4523	1	4522
4524	0	4525
4525	1	4524
4526	0	4527
4527	1	4526
4528	0	4529
4530	0	4531
4531	1	4530
4533	1	4532
4534	0	4535
4535	1	4534
4537	1	4536
4538	0	4539
4539	1	4538
4540	0	4541
4541	1	4540
4542	0	4543
4543	1	4542
4544	0	4545
4547	1	4546
4549	1	4548
4550	0	4551
4551	1	4550
4552	0	4553
4553	1	4552
4554	0	4555
4555	1	4554
4556	0	4557
4557	1	4556
4558	0	4559
4559	1	4558
4560	0	4561
4562	0	4563
4563	1	4562
4564	0	4565
4565	1	4564
4566	0	4567
4567	1	4566
4568	0	4569
4569	1	4568
4570	0	4571
4572	0	4573
4574	0	4575
4575	1	4574
4576	0	4577
4577	1	4576
4578	0	4579
4579	1	4578
4581	1	4580
4582	0	4583
4583	1	4582
4584	0	4585
4585	1	4584
4586	0	4587
4587	1	4586
4588	0	4589
4589	1	4588
4590	0	4591
4591	1	4590
4592	0	4593
4593	1	4592
4594	0	4595
4595	1	4594
4596	0	4597
4597	1	4596
4598	0	4599
4599	1	4598
4600	0	4601
4601	1	4600
4602	0	4603
4603	1	4602
4604	0	4605
4605	1	4604
4606	0	4607
4607	1	4606
4608	0	4609
4609	1	4608
4610	0	4611
4612	0	4613
4615	1	4614
4616	0	4617
4617	1	4616
4618	0	4619
4620	0	4621
4621	1	4620
4623	1	4622
4624	0	4625
4625	1	4624
4626	0	4627
4627	1	4626
4628	0	4629
4629	1	4628
4630	0	4631
4633	1	4632
4634	0	4635
4636	0	4637
4637	1	4636
4638	0	4639
4640	0	4641
4641	1	4640
4642	0	4643
4643	1	4642
4644	0	4645
4645	1	4644
4647	1	4646
4649	1	4648
4650	0	4651
4651	1	4650
4653	1	4652
4654	0	4655
4655	1	4654
4656	0	4657
4657	1	4656
4658	0	4659
4659	1	4658
4660	0	4661
4661	1	4660
4662	0	4663
4663	1	4662
4664	0	4665
4665	1	4664
4666	0	4667
4667	1	4666
4668	0	4669
4669	1	4668
4670	0	4671
4671	1	4670
4672	0	4673
4673	1	4672
4674	0	4675
4675	1	4674
4676	0	4677
4677	1	4676
4678	0	4679
4680	0	4681
4681	1	4680
4682	0	4683
4683	1	4682
4685	1	4684
4687	1	4686
4689	1	4688
4691	1	4690
4692	0	4693
4693	1	4692
4694	0	4695
4695	1	4694
4696	0	4697
4698	0	4699
4699	1	4698
4700	0	4701
4702	0	4703
4703	1	4702
4705	1	4704
4707	1	4706
4708	0	4709
4709	1	4708
4710	0	4711
4711	1	4710
4712	0	4713
4713	1	4712
4714	0	4715
4715	1	4714
4716	0	4717
4719	1	4718
4720	0	4721
4721	1	4720
4722	0	4723
4723	1	4722
4724	0	4725
4727	1	4726
4728	0	4729
4729	1	4728
4731	1	4730
4733	1	4732
4734	0	4735
4736	0	4737
4737	1	4736
4738	0	4739
4739	1	4738
4740	0	4741
4741	1	4740
4742	0	4743
4744	0	4745
4745	1	4744
4746	0	4747
4748	0	4749
4749	1	4748
4751	1	4750
4752	0	4753
4753	1	4752
4754	0	4755
4756	0	4757
4757	1	4756
4758	0	4759
4759	1	4758
4760	0	4761
4761	1	4760
4762	0	4763
4763	1	4762
4764	0	4765
4765	1	4764
4766	0	4767
4767	1	4766
4768	0	4769
4769	1	4768
4770	0	4771
4772	0	4773
4774	0	4775
4775	1	4774
4776	0	4777
4777	1	4776
4778	0	4779
4779	1	4778
4780	0	4781
4781	1	4780
4782	0	4783
4783	1	4782
4784	0	4785
4785	1	4784
4787	1	4786
4788	0	4789
4789	1	4788
4790	0	4791
4791	1	4790
4792	0	4793
4793	1	4792
4794	0	4795
4795	1	4794
4796	0	4797
4797	1	4796
4798	0	4799
4800	0	4801
4801	1	4800
4802	0	4803
4804	0	4805
4805	1	4804
4806	0	4807
4807	1	4806
4808	0	4809
4809	1	4808
4810	0	4811
4812	0	4813
4813	1	4812
4814	0	4815
4815	1	4814
4816	0	4817
4817	1	4816
4818	0	4819
4819	1	4818
4820	0	4821
4821	1	4820
4822	0	4823
4823	1	4822
4824	0	4825
4826	0	4827
4827	1	4826
4828	0	4829
4829	1	4828
4830	0	4831
4831	1	4830
4832	0	4833
4834	0	4835
4835	1	4834
4837	1	4836
4839	1	4838
4841	1	4840
4842	0	4843
4843	1	4842
4844	0	4845
4845	1	4844
4846	0	4847
4847	1	4846
4849	1	4848
4850	0	4851
4851	1	4850
4852	0	4853
4853	1	4852
4854	0	4855
4855	1	4854
4856	0	4857
4857	1	4856
4858	0	4859
4859	1	4858
4860	0	4861
4861	1	4860
4863	1	4862
4865	1	4864
4866	0	4867
4868	0	4869
4869	1	4868
4870	0	4871
4871	1	4870
4873	1	4872
4874	0	4875
4875	1	4874
4876	0	4877
4877	1	4876
4878	0	4879
4879	1	4878
4880	0	4881
4881	1	4880
4882	0	4883
4883	1	4882
4884	0	4885
4885	1	4884
4886	0	4887
4887	1	4886
4888	0	4889
4890	0	4891
4892	0	4893
4894	0	4895
4895	1	4894
4896	0	4897
4897	1	4896
4898	0	4899
4900	0	4901
4901	1	4900
4902	0	4903
4903	1	4902
4904	0	4905
4905	1	4904
4906	0	4907
4909	1	4908
4910	0	4911
4911	1	4910
4912	0	4913
4913	1	4912
4914	0	4915
4917	1	4916
4919	1	4918
4920	0	4921
4921	1	4920
4923	1	4922
4924	0	4925
4925	1	4924
4926	0	4927
4927	1	4926
4928	0	4929
4929	1	4928
4930	0	4931
4932	0	4933
4933	1	4932
4934	0	4935
4935	1	4934
4936	0	4937
4937	1	4936
4938	0	4939
4940	0	4941
4942	0	4943
4943	1	4942
4944	0	4945
4945	1	4944
4946	0	4947
4947	1	4946
4948	0	4949
4949	1	4948
4950	0	4951
4951	1	4950
4952	0	4953
4953	1	4952
4955	1	4954
4956	0	4957
4957	1	4956
4958	0	4959
4959	1	4958
4960	0	4961
4961	1	4960
4962	0	4963
4963	1	4962
4964	0	4965
4965	1	4964
4966	0	4967
4967	1	4966
4968	0	4969
4969	1	4968
4970	0	4971
4971	1	4970
4973	1	4972
4974	0	4975
4975	1	4974
4976	0	4977
4977	1	4976
4978	0	4979
4979	1	4978
4980	0	4981
4981	1	4980
4982	0	4983
4984	0	4985
4985	1	4984
4987	1	4986
4988	0	4989
4989	1	4988
4990	0	4991
4991	1	4990
4992	0	4993
4993	1	4992
4994	0	4995
4997	1	4996
4998	0	4999
4999	1	4998
5000	0	5001
5001	1	5000
5002	0	5003
5003	1	5002
5004	0	5005
5006	0	5007
5007	1	5006
5008	0	5009
5009	1	5008
5010	0	5011
5012	0	5013
5013	1	5012
5014	0	5015
5015	1	5014
5016	0	5017
5017	1	5016
5018	0	5019
5019	1	5018
5020	0	5021
5021	1	5020
5022	0	5023
5023	1	5022
5024	0	5025
5025	1	5024
5026	0	5027
5028	0	5029
5030	0	5031
5031	1	5030
5032	0	5033
5033	1	5032
5034	0	5035
5035	1	5034
5036	0	5037
5038	0	5039
5039	1	5038
5040	0	5041
5041	1	5040
5042	0	5043
5044	0	5045
5045	1	5044
5047	1	5046
5049	1	5048
5050	0	5051
5051	1	5050
5052	0	5053
5053	1	5052
5054	0	5055
5055	1	5054
5056	0	5057
5057	1	5056
5058	0	5059
5059	1	5058
5060	0	5061
5061	1	5060
5062	0	5063
5063	1	5062
5064	0	5065
5065	1	5064
5066	0	5067
5067	1	5066
5068	0	5069
5069	1	5068
5070	0	5071
5071	1	5070
5072	0	5073
5073	1	5072
5074	0	5075
5075	1	5074
5076	0	5077
5077	1	5076
5078	0	5079
5079	1	5078
5080	0	5081
5081	1	5080
5082	0	5083
5083	1	5082
5084	0	5085
5085	1	5084
5086	0	5087
5087	1	5086
5089	1	5088
5090	0	5091
5091	1	5090
5092	0	5093
5093	1	5092
5094	0	5095
5095	1	5094
5096	0	5097
5097	1	5096
5099	1	5098
5100	0	5101
5101	1	5100
5102	0	5103
5103	1	5102
5104	0	5105
5106	0	5107
5107	1	5106
5108	0	5109
5109	1	5108
5110	0	5111
5111	1	5110
5112	0	5113
5113	1	5112
5114	0	5115
5115	1	5114
5116	0	5117
5117	1	5116
5118	0	5119
5119	1	5118
5120	0	5121
5121	1	5120
5122	0	5123
5124	0	5125
5125	1	5124
5126	0	5127
5127	1	5126
5129	1	5128
5130	0	5131
5131	1	5130
5132	0	5133
5133	1	5132
5134	0	5135
5135	1	5134
5137	1	5136
5139	1	5138
5140	0	5141
5142	0	5143
5143	1	5142
5145	1	5144
5146	0	5147
5147	1	5146
5148	0	5149
5149	1	5148
5150	0	5151
5151	1	5150
5152	0	5153
5153	1	5152
5154	0	5155
5155	1	5154
5156	0	5157
5158	0	5159
5159	1	5158
5160	0	5161
5161	1	5160
5162	0	5163
5163	1	5162
5165	1	5164
5166	0	5167
5167	1	5166
5168	0	5169
5169	1	5168
5170	0	5171
5171	1	5170
5172	0	5173
5173	1	5172
5174	0	5175
5175	1	5174
5176	0	5177
5177	1	5176
5178	0	5179
5179	1	5178
5180	0	5181
5181	1	5180
5182	0	5183
5183	1	5182
5185	1	5184
5187	1	5186
5188	0	5189
5189	1	5188
5190	0	5191
5191	1	5190
5192	0	5193
5194	0	5195
5195	1	5194
5196	0	5197
5197	1	5196
5198	0	5199
5199	1	5198
5200	0	5201
5201	1	5200
5203	1	5202
5204	0	5205
5205	1	5204
5206	0	5207
5207	1	5206
5208	0	5209
5210	0	5211
5211	1	5210
5212	0	5213
5213	1	5212
5214	0	5215
5215	1	5214
5216	0	5217
5217	1	5216
5218	0	5219
5219	1	5218
5220	0	5221
5222	0	5223
5223	1	5222
5225	1	5224
5226	0	5227
5227	1	5226
5228	0	5229
5230	0	5231
5231	1	5230
5232	0	5233
5233	1	5232
5234	0	5235
5235	1	5234
5236	0	5237
5237	1	5236
5238	0	5239
5239	1	5238
5240	0	5241
5241	1	5240
5243	1	5242
5244	0	5245
5245	1	5244
5246	0	5247
5247	1	5246
5248	0	5249
5249	1	5248
5250	0	5251
5251	1	5250
5252	0	5253
5253	1	5252
5254	0	5255
5256	0	5257
5257	1	5256
5258	0	5259
5259	1	5258
5260	0	5261
5262	0	5263
5263	1	5262
5264	0	5265
5266	0	5267
5267	1	5266
5268	0	5269
5269	1	5268
5270	0	5271
5271	1	5270
5272	0	5273
5274	0	5275
5275	1	5274
5276	0	5277
5278	0	5279
5279	1	5278
5280	0	5281
5281	1	5280
5282	0	5283
5283	1	5282
5284	0	5285
5286	0	5287
5287	1	5286
5289	1	5288
5291	1	5290
5292	0	5293
5294	0	5295
5296	0	5297
5297	1	5296
5298	0	5299
5300	0	5301
5301	1	5300
5302	0	5303
5303	1	5302
5304	0	5305
5305	1	5304
5306	0	5307
5307	1	5306
5308	0	5309
5309	1	5308
5310	0	5311
5312	0	5313
5313	1	5312
5314	0	5315
5315	1	5314
5316	0	5317
5317	1	5316
5318	0	5319
5319	1	5318
5320	0	5321
5321	1	5320
5322	0	5323
5324	0	5325
5326	0	5327
5327	1	5326
5328	0	5329
5329	1	5328
5331	1	5330
5332	0	5333
5334	0	5335
5335	1	5334
5336	0	5337
5338	0	5339
5339	1	5338
5340	0	5341
5341	1	5340
5342	0	5343
5343	1	5342
5345	1	5344
5346	0	5347
5347	1	5346
5348	0	5349
5349	1	5348
5350	0	5351
5352	0	5353
5353	1	5352
5355	1	5354
5357	1	5356
5358	0	5359
5359	1	5358
5360	0	5361
5362	0	5363
5365	1	5364
5366	0	5367
5367	1	5366
5368	0	5369
5369	1	5368
5370	0	5371
5371	1	5370
5372	0	5373
5373	1	5372
5374	0	5375
5375	1	5374
5376	0	5377
5378	0	5379
5379	1	5378
5380	0	5381
5381	1	5380
5382	0	5383
5383	1	5382
5384	0	5385
5386	0	5387
5387	1	5386
5388	0	5389
5389	1	5388
5390	0	5391
5391	1	5390
5392	0	5393
5393	1	5392
5394	0	5395
5395	1	5394
5396	0	5397
5397	1	5396
5399	1	5398
5400	0	5401
5401	1	5400
5402	0	5403
5404	0	5405
5405	1	5404
5406	0	5407
5407	1	5406
5409	1	5408
5410	0	5411
5411	1	5410
5412	0	5413
5414	0	5415
5415	1	5414
5416	0	5417
5417	1	5416
5418	0	5419
5419	1	5418
5420	0	5421
5421	1	5420
5422	0	5423
5423	1	5422
5424	0	5425
5425	1	5424
5426	0	5427
5427	1	5426
5428	0	5429
5429	1	5428
5430	0	5431
5431	1	5430
5432	0	5433
5433	1	5432
5434	0	5435
5435	1	5434
5436	0	5437
5437	1	5436
5438	0	5439
5439	1	5438
5440	0	5441
5443	1	5442
5444	0	5445
5445	1	5444
5447	1	5446
5449	1	5448
5451	1	5450
5452	0	5453
5453	1	5452
5455	1	5454
5456	0	5457
5457	1	5456
5458	0	5459
5459	1	5458
5460	0	5461
5461	1	5460
5462	0	5463
5463	1	5462
5464	0	5465
5465	1	5464
5466	0	5467
5467	1	5466
5468	0	5469
5469	1	5468
5471	1	5470
5473	1	5472
5475	1	5474
5477	1	5476
5478	0	5479
5480	0	5481
5481	1	5480
5482	0	5483
5485	1	5484
5486	0	5487
5488	0	5489
5489	1	5488
5491	1	5490
5493	1	5492
5495	1	5494
5497	1	5496
5498	0	5499
5499	1	5498
5501	1	5500
5502	0	5503
5503	1	5502
5504	0	5505
5506	0	5507
5507	1	5506
5509	1	5508
5510	0	5511
5511	1	5510
5512	0	5513
5513	1	5512
5515	1	5514
5516	0	5517
5517	1	5516
5518	0	5519
5519	1	5518
5520	0	5521
5521	1	5520
5522	0	5523
5523	1	5522
5524	0	5525
5525	1	5524
5526	0	5527
5527	1	5526
5529	1	5528
5530	0	5531
5531	1	5530
5532	0	5533
5533	1	5532
5534	0	5535
5535	1	5534
5536	0	5537
5537	1	5536
5539	1	5538
5540	0	5541
5541	1	5540
5542	0	5543
5544	0	5545
5547	1	5546
5549	1	5548
5551	1	5550
5552	0	5553
5553	1	5552
5554	0	5555
5555	1	5554
5556	0	5557
5558	0	5559
5559	1	5558
5560	0	5561
5562	0	5563
5563	1	5562
5565	1	5564
5567	1	5566
5568	0	5569
5569	1	5568
5570	0	5571
5571	1	5570
5572	0	5573
5573	1	5572
5574	0	5575
5575	1	5574
5577	1	5576
5579	1	5578
5580	0	5581
5581	1	5580
5583	1	5582
5584	0	5585
5586	0	5587
5587	1	5586
5588	0	5589
5589	1	5588
5590	0	5591
5591	1	5590
5592	0	5593
5593	1	5592
5594	0	5595
5595	1	5594
5596	0	5597
5597	1	5596
5598	0	5599
5599	1	5598
5600	0	5601
5601	1	5600
5602	0	5603
5603	1	5602
5604	0	5605
5606	0	5607
5607	1	5606
5608	0	5609
5609	1	5608
5610	0	5611
5613	1	5612
5614	0	5615
5615	1	5614
5616	0	5617
5617	1	5616
5618	0	5619
5620	0	5621
5621	1	5620
5622	0	5623
5623	1	5622
5624	0	5625
5625	1	5624
5626	0	5627
5627	1	5626
5628	0	5629
5629	1	5628
5630	0	5631
5631	1	5630
5632	0	5633
5633	1	5632
5634	0	5635
5635	1	5634
5636	0	5637
5638	0	5639
5639	1	5638
5640	0	5641
5641	1	5640
5642	0	5643
5645	1	5644
5646	0	5647
5647	1	5646
5648	0	5649
5649	1	5648
5650	0	5651
5651	1	5650
5652	0	5653
5653	1	5652
5654	0	5655
5656	0	5657
5657	1	5656
5658	0	5659
5659	1	5658
5660	0	5661
5661	1	5660
5662	0	5663
5663	1	5662
5664	0	5665
5665	1	5664
5666	0	5667
5667	1	5666
5668	0	5669
5669	1	5668
5671	1	5670
5672	0	5673
5675	1	5674
5676	0	5677
5678	0	5679
5679	1	5678
5680	0	5681
5681	1	5680
5682	0	5683
5685	1	5684
5686	0	5687
5687	1	5686
5688	0	5689
5689	1	5688
5690	0	5691
5691	1	5690
5692	0	5693
5693	1	5692
5694	0	5695
5695	1	5694
5696	0	5697
5698	0	5699
5700	0	5701
5701	1	5700
5702	0	5703
5703	1	5702
5705	1	5704
5706	0	5707
5708	0	5709
5709	1	5708
5710	0	5711
5711	1	5710
5712	0	5713
5713	1	5712
5714	0	5715
5716	0	5717
5718	0	5719
5719	1	5718
5721	1	5720
5722	0	5723
5723	1	5722
5724	0	5725
5725	1	5724
5726	0	5727
5727	1	5726
5728	0	5729
5729	1	5728
5730	0	5731
5731	1	5730
5732	0	5733
5733	1	5732
5734	0	5735
5735	1	5734
5736	0	5737
5737	1	5736
5738	0	5739
5739	1	5738
5740	0	5741
5741	1	5740
5742	0	5743
5743	1	5742
5744	0	5745
5746	0	5747
5748	0	5749
5749	1	5748
5750	0	5751
5751	1	5750
5752	0	5753
5753	1	5752
5754	0	5755
5755	1	5754
5756	0	5757
5757	1	5756
5759	1	5758
5760	0	5761
5761	1	5760
5762	0	5763
5763	1	5762
5765	1	5764
5766	0	5767
5767	1	5766
5768	0	5769
5769	1	5768
5770	0	5771
5771	1	5770
5772	0	5773
5773	1	5772
5774	0	5775
5775	1	5774
5776	0	5777
5777	1	5776
5778	0	5779
5779	1	5778
5780	0	5781
5781	1	5780
5782	0	5783
5783	1	5782
5784	0	5785
5786	0	5787
5787	1	5786
5788	0	5789
5789	1	5788
5790	0	5791
5791	1	5790
5793	1	5792
5794	0	5795
5795	1	5794
5796	0	5797
5798	0	5799
5799	1	5798
5800	0	5801
5803	1	5802
5804	0	5805
5805	1	5804
5806	0	5807
5807	1	5806
5808	0	5809
5809	1	5808
5810	0	5811
5811	1	5810
5812	0	5813
5813	1	5812
5814	0	5815
5815	1	5814
5817	1	5816
5818	0	5819
5819	1	5818
5820	0	5821
5821	1	5820
5822	0	5823
5823	1	5822
5825	1	5824
5827	1	5826
5828	0	5829
5830	0	5831
5833	1	5832
5834	0	5835
5835	1	5834
5836	0	5837
5837	1	5836
5838	0	5839
5839	1	5838
5840	0	5841
5842	0	5843
5843	1	5842
5844	0	5845
5847	1	5846
5849	1	5848
5850	0	5851
5852	0	5853
5853	1	5852
5854	0	5855
5856	0	5857
5857	1	5856
5858	0	5859
5859	1	5858
5860	0	5861
5861	1	5860
5862	0	5863
5863	1	5862
5864	0	5865
5865	1	5864
5866	0	5867
5867	1	5866
5869	1	5868
5870	0	5871
5871	1	5870
5872	0	5873
5875	1	5874
5876	0	5877
5877	1	5876
5878	0	5879
5879	1	5878
5880	0	5881
5881	1	5880
5882	0	5883
5885	1	5884
5886	0	5887
5887	1	5886
5888	0	5889
5891	1	5890
5892	0	5893
5893	1	5892
5894	0	5895
5895	1	5894
5896	0	5897
5897	1	5896
5898	0	5899
5899	1	5898
5900	0	5901
5901	1	5900
5903	1	5902
5904	0	5905
5905	1	5904
5906	0	5907
5908	0	5909
5909	1	5908
5910	0	5911
5913	1	5912
5914	0	5915
5915	1	5914
5916	0	5917
5917	1	5916
5918	0	5919
5919	1	5918
5920	0	5921
5921	1	5920
5922	0	5923
5923	1	5922
5924	0	5925
5925	1	5924
5926	0	5927
5927	1	5926
5928	0	5929
5930	0	5931
5931	1	5930
5933	1	5932
5935	1	5934
5936	0	5937
5937	1	5936
5938	0	5939
5940	0	5941
5941	1	5940
5942	0	5943
5943	1	5942
5944	0	5945
5945	1	5944
5946	0	5947
5947	1	5946
5948	0	5949
5950	0	5951
5951	1	5950
5953	1	5952
5954	0	5955
5956	0	5957
5957	1	5956
5958	0	5959
5959	1	5958
5960	0	5961
5961	1	5960
5962	0	5963
5963	1	5962
5964	0	5965
5965	1	5964
5966	0	5967
5967	1	5966
5968	0	5969
5969	1	5968
5970	0	5971
5971	1	5970
5972	0	5973
5973	1	5972
5974	0	5975
5975	1	5974
5976	0	5977
5977	1	5976
5978	0	5979
5979	1	5978
5980	0	5981
5981	1	5980
5982	0	5983
5983	1	5982
5985	1	5984
5986	0	5987
5988	0	5989
5989	1	5988
5990	0	5991
5992	0	5993
5993	1	5992
5994	0	5995
5995	1	5994
5996	0	5997
5997	1	5996
5998	0	5999
5999	1	5998
6000	0	6001
6001	1	6000
6002	0	6003
6004	0	6005
6005	1	6004
6007	1	6006
6008	0	6009
6010	0	6011
6011	1	6010
6012	0	6013
6013	1	6012
6014	0	6015
6015	1	6014
6016	0	6017
6019	1	6018
6020	0	6021
6021	1	6020
6022	0	6023
6023	1	6022
6024	0	6025
6025	1	6024
6026	0	6027
6027	1	6026
6028	0	6029
6029	1	6028
6030	0	6031
6031	1	6030
6032	0	6033
6033	1	6032
6034	0	6035
6036	0	6037
6037	1	6036
6038	0	6039
6041	1	6040
6043	1	6042
6044	0	6045
6046	0	6047
6047	1	6046
6048	0	6049
6050	0	6051
6051	1	6050
6053	1	6052
6054	0	6055
6055	1	6054
6056	0	6057
6057	1	6056
6058	0	6059
6060	0	6061
6062	0	6063
6063	1	6062
6064	0	6065
6067	1	6066
6068	0	6069
6069	1	6068
6070	0	6071
6072	0	6073
6073	1	6072
6074	0	6075
6075	1	6074
6076	0	6077
6077	1	6076
6078	0	6079
6079	1	6078
6080	0	6081
6082	0	6083
6083	1	6082
6084	0	6085
6085	1	6084
6086	0	6087
6089	1	6088
6090	0	6091
6091	1	6090
6092	0	6093
6093	1	6092
6094	0	6095
6095	1	6094
6096	0	6097
6097	1	6096
6098	0	6099
6099	1	6098
6100	0	6101
6101	1	6100
6102	0	6103
6103	1	6102
6104	0	6105
6106	0	6107
6108	0	6109
6110	0	6111
6111	1	6110
6112	0	6113
6113	1	6112
6114	0	6115
6115	1	6114
6116	0	6117
6117	1	6116
6118	0	6119
6119	1	6118
6120	0	6121
6121	1	6120
6123	1	6122
6125	1	6124
6126	0	6127
6127	1	6126
6128	0	6129
6129	1	6128
6130	0	6131
6131	1	6130
6132	0	6133
6133	1	6132
6134	0	6135
6135	1	6134
6136	0	6137
6138	0	6139
6140	0	6141
6141	1	6140
6142	0	6143
6145	1	6144
6146	0	6147
6147	1	6146
6148	0	6149
6149	1	6148
6151	1	6150
6152	0	6153
6154	0	6155
6155	1	6154
6156	0	6157
6158	0	6159
6159	1	6158
6160	0	6161
6161	1	6160
6162	0	6163
6163	1	6162
6164	0	6165
6165	1	6164
6166	0	6167
6167	1	6166
6168	0	6169
6169	1	6168
6170	0	6171
6172	0	6173
6174	0	6175
6175	1	6174
6176	0	6177
6178	0	6179
6179	1	6178
6180	0	6181
6182	0	6183
6183	1	6182
6184	0	6185
6185	1	6184
6186	0	6187
6188	0	6189
6189	1	6188
6190	0	6191
6191	1	6190
6192	0	6193
6194	0	6195
6195	1	6194
6196	0	6197
6198	0	6199
6199	1	6198
6201	1	6200
6202	0	6203
6203	1	6202
6204	0	6205
6205	1	6204
6206	0	6207
6207	1	6206
6209	1	6208
6210	0	6211
6211	1	6210
6213	1	6212
6214	0	6215
6215	1	6214
6217	1	6216
6218	0	6219
6219	1	6218
6220	0	6221
6221	1	6220
6222	0	6223
6223	1	6222
6224	0	6225
6225	1	6224
6226	0	6227
6227	1	6226
6228	0	6229
6229	1	6228
6230	0	6231
6231	1	6230
6232	0	6233
6233	1	6232
6234	0	6235
6235	1	6234
6236	0	6237
6237	1	6236
6238	0	6239
6240	0	6241
6241	1	6240
6242	0	6243
6243	1	6242
6244	0	6245
6245	1	6244
6246	0	6247
6247	1	6246
6248	0	6249
6249	1	6248
6250	0	6251
6251	1	6250
6252	0	6253
6253	1	6252
6254	0	6255
6256	0	6257
6257	1	6256
6258	0	6259
6259	1	6258
6260	0	6261
6261	1	6260
6262	0	6263
6263	1	6262
6264	0	6265
6265	1	6264
6266	0	6267
6267	1	6266
6268	0	6269
6269	1	6268
6270	0	6271
6271	1	6270
6273	1	6272
6274	0	6275
6276	0	6277
6277	1	6276
6278	0	6279
6281	1	6280
6282	0	6283
6284	0	6285
6285	1	6284
6286	0	6287
6287	1	6286
6289	1	6288
6290	0	6291
6291	1	6290
6292	0	6293
6293	1	6292
6295	1	6294
6296	0	6297
6297	1	6296
6298	0	6299
6299	1	6298
6300	0	6301
6301	1	6300
6302	0	6303
6303	1	6302
6304	0	6305
6305	1	6304
6306	0	6307
6307	1	6306
6308	0	6309
6309	1	6308
6310	0	6311
6313	1	6312
6314	0	6315
6315	1	6314
6316	0	6317
6317	1	6316
6318	0	6319
6319	1	6318
6320	0	6321
6321	1	6320
6322	0	6323
6323	1	6322
6324	0	6325
6325	1	6324
6326	0	6327
6327	1	6326
6329	1	6328
6330	0	6331
6331	1	6330
6332	0	6333
6335	1	6334
6336	0	6337
6337	1	6336
6338	0	6339
6341	1	6340
6342	0	6343
6343	1	6342
6344	0	6345
6345	1	6344
6346	0	6347
6347	1	6346
6348	0	6349
6349	1	6348
6351	1	6350
6352	0	6353
6354	0	6355
6355	1	6354
6356	0	6357
6357	1	6356
6358	0	6359
6359	1	6358
6360	0	6361
6362	0	6363
6363	1	6362
6364	0	6365
6365	1	6364
6367	1	6366
6368	0	6369
6369	1	6368
6370	0	6371
6371	1	6370
6372	0	6373
6373	1	6372
6374	0	6375
6375	1	6374
6376	0	6377
6377	1	6376
6378	0	6379
6379	1	6378
6380	0	6381
6383	1	6382
6384	0	6385
6385	1	6384
6386	0	6387
6387	1	6386
6389	1	6388
6390	0	6391
6392	0	6393
6393	1	6392
6394	0	6395
6395	1	6394
6396	0	6397
6397	1	6396
6398	0	6399
6399	1	6398
6400	0	6401
6401	1	6400
6402	0	6403
6403	1	6402
6404	0	6405
6405	1	6404
6406	0	6407
6407	1	6406
6408	0	6409
6409	1	6408
6410	0	6411
6412	0	6413
6413	1	6412
6415	1	6414
6416	0	6417
6418	0	6419
6419	1	6418
6420	0	6421
6421	1	6420
6422	0	6423
6423	1	6422
6425	1	6424
6426	0	6427
6427	1	6426
6428	0	6429
6429	1	6428
6430	0	6431
6431	1	6430
6432	0	6433
6433	1	6432
6434	0	6435
6435	1	6434
6436	0	6437
6438	0	6439
6440	0	6441
6441	1	6440
6442	0	6443
6443	1	6442
6445	1	6444
6446	0	6447
6448	0	6449
6451	1	6450
6452	0	6453
6453	1	6452
6454	0	6455
6456	0	6457
6457	1	6456
6459	1	6458
6460	0	6461
6461	1	6460
6462	0	6463
6463	1	6462
6464	0	6465
6465	1	6464
6466	0	6467
6467	1	6466
6468	0	6469
6469	1	6468
6471	1	6470
6473	1	6472
6474	0	6475
6475	1	6474
6476	0	6477
6477	1	6476
6479	1	6478
6480	0	6481
6481	1	6480
6483	1	6482
6484	0	6485
6485	1	6484
6486	0	6487
6487	1	6486
6488	0	6489
6489	1	6488
6490	0	6491
6491	1	6490
6492	0	6493
6493	1	6492
6494	0	6495
6495	1	6494
6496	0	6497
6497	1	6496
6498	0	6499
6500	0	6501
6501	1	6500
6502	0	6503
6503	1	6502
6504	0	6505
6505	1	6504
6506	0	6507
6508	0	6509
6511	1	6510
6513	1	6512
6514	0	6515
6515	1	6514
6516	0	6517
6517	1	6516
6518	0	6519
6519	1	6518
6521	1	6520
6522	0	6523
6523	1	6522
6524	0	6525
6526	0	6527
6527	1	6526
6529	1	6528
6530	0	6531
6531	1	6530
6532	0	6533
6533	1	6532
6534	0	6535
6535	1	6534
6536	0	6537
6537	1	6536
6538	0	6539
6539	1	6538
6540	0	6541
6541	1	6540
6542	0	6543
6543	1	6542
6544	0	6545
6545	1	6544
6546	0	6547
6547	1	6546
6549	1	6548
6550	0	6551
6551	1	6550
6552	0	6553
6553	1	6552
6554	0	6555
6555	1	6554
6557	1	6556
6558	0	6559
6560	0	6561
6561	1	6560
6562	0	6563
6563	1	6562
6564	0	6565
6565	1	6564
6566	0	6567
6567	1	6566
6568	0	6569
6570	0	6571
6571	1	6570
6572	0	6573
6574	0	6575
6577	1	6576
6578	0	6579
6579	1	6578
6580	0	6581
6583	1	6582
6584	0	6585
6585	1	6584
6586	0	6587
6587	1	6586
6588	0	6589
6590	0	6591
6591	1	6590
6592	0	6593
6593	1	6592
6595	1	6594
6596	0	6597
6598	0	6599
6599	1	6598
6601	1	6600
6602	0	6603
6603	1	6602
6604	0	6605
6606	0	6607
6607	1	6606
6608	0	6609
6609	1	6608
6611	1	6610
6612	0	6613
6613	1	6612
6614	0	6615
6615	1	6614
6617	1	6616
6618	0	6619
6620	0	6621
6621	1	6620
6622	0	6623
6623	1	6622
6624	0	6625
6625	1	6624
6626	0	6627
6629	1	6628
6630	0	6631
6631	1	6630
6632	0	6633
6633	1	6632
6635	1	6634
6636	0	6637
6637	1	6636
6638	0	6639
6639	1	6638
6640	0	6641
6642	0	6643
6643	1	6642
6644	0	6645
6645	1	6644
6646	0	6647
6648	0	6649
6649	1	6648
6651	1	6650
6652	0	6653
6653	1	6652
6655	1	6654
6656	0	6657
6657	1	6656
6659	1	6658
6660	0	6661
6661	1	6660
6662	0	6663
6664	0	6665
6665	1	6664
6667	1	6666
6668	0	6669
6669	1	6668
6670	0	6671
6671	1	6670
6672	0	6673
6673	1	6672
6674	0	6675
6675	1	6674
6676	0	6677
6677	1	6676
6678	0	6679
6680	0	6681
6681	1	6680
6682	0	6683
6684	0	6685
6685	1	6684
6686	0	6687
6687	1	6686
6688	0	6689
6689	1	6688
6690	0	6691
6691	1	6690
6692	0	6693
6694	0	6695
6696	0	6697
6697	1	6696
6698	0	6699
6700	0	6701
6701	1	6700
6703	1	6702
6704	0	6705
6705	1	6704
6706	0	6707
6707	1	6706
6708	0	6709
6709	1	6708
6710	0	6711
6711	1	6710
6712	0	6713
6713	1	6712
6714	0	6715
6715	1	6714
6716	0	6717
6717	1	6716
6719	1	6718
6720	0	6721
6721	1	6720
6722	0	6723
6723	1	6722
6724	0	6725
6725	1	6724
6726	0	6727
6727	1	6726
6728	0	6729
6729	1	6728
6730	0	6731
6731	1	6730
6732	0	6733
6733	1	6732
6734	0	6735
6735	1	6734
6737	1	6736
6738	0	6739
6739	1	6738
6740	0	6741
6741	1	6740
6742	0	6743
6743	1	6742
6744	0	6745
6745	1	6744
6746	0	6747
6747	1	6746
6748	0	6749
6749	1	6748
6750	0	6751
6751	1	6750
6752	0	6753
6753	1	6752
6754	0	6755
6755	1	6754
6756	0	6757
6757	1	6756
6758	0	6759
6759	1	6758
6760	0	6761
6761	1	6760
6763	1	6762
6764	0	6765
6765	1	6764
6766	0	6767
6767	1	6766
6768	0	6769
6769	1	6768
6770	0	6771
6771	1	6770
6772	0	6773
6773	1	6772
6774	0	6775
6775	1	6774
6776	0	6777
6777	1	6776
6779	1	6778
6780	0	6781
6782	0	6783
6783	1	6782
6784	0	6785
6785	1	6784
6786	0	6787
6787	1	6786
6788	0	6789
6789	1	6788
6790	0	6791
6791	1	6790
6792	0	6793
6793	1	6792
6794	0	6795
6795	1	6794
6796	0	6797
6797	1	6796
6798	0	6799
6799	1	6798
6800	0	6801
6801	1	6800
6802	0	6803
6803	1	6802
6804	0	6805
6805	1	6804
6806	0	6807
6808	0	6809
6809	1	6808
6810	0	6811
6811	1	6810
6812	0	6813
6813	1	6812
6814	0	6815
6815	1	6814
6816	0	6817
6817	1	6816
6818	0	6819
6819	1	6818
6820	0	6821
6822	0	6823
6823	1	6822
6824	0	6825
6825	1	6824
6826	0	6827
6827	1	6826
6828	0	6829
6829	1	6828
6831	1	6830
6832	0	6833
6833	1	6832
6834	0	6835
6835	1	6834
6836	0	6837
6837	1	6836
6839	1	6838
6840	0	6841
6841	1	6840
6843	1	6842
6844	0	6845
6845	1	6844
6846	0	6847
6847	1	6846
6849	1	6848
6850	0	6851
6851	1	6850
6852	0	6853
6853	1	6852
6854	0	6855
6855	1	6854
6856	0	6857
6857	1	6856
6858	0	6859
6859	1	6858
6860	0	6861
6861	1	6860
6862	0	6863
6863	1	6862
6864	0	6865
6865	1	6864
6866	0	6867
6867	1	6866
6869	1	6868
6870	0	6871
6871	1	6870
6873	1	6872
6874	0	6875
6876	0	6877
6878	0	6879
6879	1	6878
6880	0	6881
6881	1	6880
6882	0	6883
6883	1	6882
6884	0	6885
6885	1	6884
6886	0	6887
6888	0	6889
6890	0	6891
6891	1	6890
6892	0	6893
6893	1	6892
6894	0	6895
6895	1	6894
6897	1	6896
6898	0	6899
6899	1	6898
6900	0	6901
6901	1	6900
6902	0	6903
6903	1	6902
6905	1	6904
6906	0	6907
6908	0	6909
6909	1	6908
6910	0	6911
6911	1	6910
6912	0	6913
6914	0	6915
6915	1	6914
6916	0	6917
6918	0	6919
6919	1	6918
6920	0	6921
6921	1	6920
6922	0	6923
6923	1	6922
6924	0	6925
6925	1	6924
6926	0	6927
6927	1	6926
6928	0	6929
6929	1	6928
6931	1	6930
6932	0	6933
6933	1	6932
6934	0	6935
6935	1	6934
6936	0	6937
6937	1	6936
6938	0	6939
6939	1	6938
6940	0	6941
6941	1	6940
6942	0	6943
6943	1	6942
6944	0	6945
6945	1	6944
6946	0	6947
6948	0	6949
6949	1	6948
6950	0	6951
6951	1	6950
6952	0	6953
6953	1	6952
6954	0	6955
6955	1	6954
6956	0	6957
6957	1	6956
6958	0	6959
6959	1	6958
6961	1	6960
6962	0	6963
6964	0	6965
6965	1	6964
6967	1	6966
6969	1	6968
6970	0	6971
6971	1	6970
6972	0	6973
6973	1	6972
6974	0	6975
6975	1	6974
6976	0	6977
6978	0	6979
6979	1	6978
6980	0	6981
6981	1	6980
6982	0	6983
6983	1	6982
6984	0	6985
6985	1	6984
6986	0	6987
6987	1	6986
6988	0	6989
6989	1	6988
6990	0	6991
6992	0	6993
6993	1	6992
6994	0	6995
6995	1	6994
6996	0	6997
6997	1	6996
6998	0	6999
7000	0	7001
7001	1	7000
7003	1	7002
7004	0	7005
7005	1	7004
7007	1	7006
7008	0	7009
7009	1	7008
7010	0	7011
7011	1	7010
7012	0	7013
7013	1	7012
7014	0	7015
7015	1	7014
7016	0	7017
7017	1	7016
7019	1	7018
7020	0	7021
7022	0	7023
7023	1	7022
7024	0	7025
7025	1	7024
7026	0	7027
7027	1	7026
7029	1	7028
7030	0	7031
7031	1	7030
7032	0	7033
7035	1	7034
7036	0	7037
7037	1	7036
7038	0	7039
7039	1	7038
7040	0	7041
7041	1	7040
7042	0	7043
7043	1	7042
7044	0	7045
7045	1	7044
7047	1	7046
7048	0	7049
7050	0	7051
7051	1	7050
7052	0	7053
7053	1	7052
7054	0	7055
7055	1	7054
7056	0	7057
7058	0	7059
7059	1	7058
7060	0	7061
7061	1	7060
7062	0	7063
7064	0	7065
7065	1	7064
7066	0	7067
7067	1	7066
7068	0	7069
7069	1	7068
7070	0	7071
7071	1	7070
7073	1	7072
7074	0	7075
7075	1	7074
7076	0	7077
7077	1	7076
7078	0	7079
7079	1	7078
7080	0	7081
7081	1	7080
7082	0	7083
7083	1	7082
7085	1	7084
7086	0	7087
7087	1	7086
7088	0	7089
7089	1	7088
7090	0	7091
7091	1	7090
7092	0	7093
7094	0	7095
7095	1	7094
7096	0	7097
7097	1	7096
7099	1	7098
7100	0	7101
7101	1	7100
7102	0	7103
7103	1	7102
7104	0	7105
7105	1	7104
7106	0	7107
7107	1	7106
7108	0	7109
7110	0	7111
7111	1	7110
7112	0	7113
7113	1	7112
7114	0	7115
7115	1	7114
7116	0	7117
7118	0	7119
7119	1	7118
7120	0	7121
7122	0	7123
7123	1	7122
7124	0	7125
7126	0	7127
7127	1	7126
7128	0	7129
7129	1	7128
7130	0	7131
7131	1	7130
7132	0	7133
7133	1	7132
7134	0	7135
7135	1	7134
7136	0	7137
7137	1	7136
7138	0	7139
7139	1	7138
7141	1	7140
7142	0	7143
7143	1	7142
7144	0	7145
7145	1	7144
7146	0	7147
7147	1	7146
7148	0	7149
7149	1	7148
7150	0	7151
7151	1	7150
7152	0	7153
7153	1	7152
7154	0	7155
7156	0	7157
7158	0	7159
7159	1	7158
7160	0	7161
7161	1	7160
7162	0	7163
7164	0	7165
7165	1	7164
7167	1	7166
7168	0	7169
7169	1	7168
7170	0	7171
7171	1	7170
7172	0	7173
7173	1	7172
7174	0	7175
7175	1	7174
7176	0	7177
7177	1	7176
7178	0	7179
7179	1	7178
7180	0	7181
7181	1	7180
7182	0	7183
7183	1	7182
7184	0	7185
7186	0	7187
7187	1	7186
7188	0	7189
7189	1	7188
7190	0	7191
7192	0	7193
7193	1	7192
7194	0	7195
7195	1	7194
7196	0	7197
7197	1	7196
7198	0	7199
7199	1	7198
7200	0	7201
7201	1	7200
7202	0	7203
7203	1	7202
7204	0	7205
7205	1	7204
7206	0	7207
7207	1	7206
7209	1	7208
7210	0	7211
7212	0	7213
7213	1	7212
7214	0	7215
7215	1	7214
7216	0	7217
7217	1	7216
7218	0	7219
7219	1	7218
7220	0	7221
7222	0	7223
7224	0	7225
7225	1	7224
7226	0	7227
7229	1	7228
7230	0	7231
7231	1	7230
7232	0	7233
7234	0	7235
7235	1	7234
7237	1	7236
7238	0	7239
7240	0	7241
7241	1	7240
7242	0	7243
7244	0	7245
7245	1	7244
7246	0	7247
7247	1	7246
7248	0	7249
7249	1	7248
7251	1	7250
7252	0	7253
7253	1	7252
7254	0	7255
7255	1	7254
7256	0	7257
7257	1	7256
7258	0	7259
7259	1	7258
7260	0	7261
7262	0	7263
7263	1	7262
7264	0	7265
7265	1	7264
7266	0	7267
7267	1	7266
7268	0	7269
7270	0	7271
7271	1	7270
7272	0	7273
7273	1	7272
7274	0	7275
7276	0	7277
7277	1	7276
7278	0	7279
7279	1	7278
7280	0	7281
7281	1	7280
7282	0	7283
7283	1	7282
7285	1	7284
7286	0	7287
7287	1	7286
7288	0	7289
7289	1	7288
7290	0	7291
7291	1	7290
7292	0	7293
7293	1	7292
7294	0	7295
7295	1	7294
7296	0	7297
7297	1	7296
7298	0	7299
7299	1	7298
7300	0	7301
7301	1	7300
7303	1	7302
7304	0	7305
7305	1	7304
7306	0	7307
7307	1	7306
7308	0	7309
7309	1	7308
7310	0	7311
7312	0	7313
7313	1	7312
7314	0	7315
7315	1	7314
7316	0	7317
7317	1	7316
7318	0	7319
7319	1	7318
7320	0	7321
7321	1	7320
7322	0	7323
7323	1	7322
7324	0	7325
7325	1	7324
7326	0	7327
7327	1	7326
7328	0	7329
7329	1	7328
7330	0	7331
7331	1	7330
7332	0	7333
7333	1	7332
7334	0	7335
7335	1	7334
7336	0	7337
7337	1	7336
7338	0	7339
7339	1	7338
7340	0	7341
7342	0	7343
7343	1	7342
7344	0	7345
7345	1	7344
7346	0	7347
7347	1	7346
7348	0	7349
7349	1	7348
7350	0	7351
7352	0	7353
7353	1	7352
7354	0	7355
7355	1	7354
7356	0	7357
7357	1	7356
7359	1	7358
7360	0	7361
7361	1	7360
7363	1	7362
7365	1	7364
7366	0	7367
7367	1	7366
7368	0	7369
7369	1	7368
7370	0	7371
7371	1	7370
7372	0	7373
7373	1	7372
7374	0	7375
7375	1	7374
7376	0	7377
7377	1	7376
7379	1	7378
7380	0	7381
7381	1	7380
7382	0	7383
7383	1	7382
7384	0	7385
7385	1	7384
7386	0	7387
7387	1	7386
7389	1	7388
7390	0	7391
7391	1	7390
7392	0	7393
7393	1	7392
7394	0	7395
7395	1	7394
7396	0	7397
7398	0	7399
7400	0	7401
7401	1	7400
7402	0	7403
7403	1	7402
7404	0	7405
7405	1	7404
7406	0	7407
7407	1	7406
7408	0	7409
7409	1	7408
7410	0	7411
7411	1	7410
7412	0	7413
7413	1	7412
7414	0	7415
7415	1	7414
7416	0	7417
7417	1	7416
7418	0	7419
7419	1	7418
7420	0	7421
7421	1	7420
7422	0	7423
7424	0	7425
7425	1	7424
7426	0	7427
7427	1	7426
7428	0	7429
7429	1	7428
7431	1	7430
7433	1	7432
7434	0	7435
7435	1	7434
7436	0	7437
7437	1	7436
7438	0	7439
7439	1	7438
7440	0	7441
7441	1	7440
7443	1	7442
7444	0	7445
7445	1	7444
7446	0	7447
7447	1	7446
7448	0	7449
7449	1	7448
7450	0	7451
7451	1	7450
7452	0	7453
7455	1	7454
7456	0	7457
7458	0	7459
7460	0	7461
7461	1	7460
7462	0	7463
7464	0	7465
7465	1	7464
7466	0	7467
7467	1	7466
7468	0	7469
7469	1	7468
7470	0	7471
7473	1	7472
7474	0	7475
7475	1	7474
7476	0	7477
7477	1	7476
7478	0	7479
7479	1	7478
7480	0	7481
7481	1	7480
7482	0	7483
7483	1	7482
7484	0	7485
7486	0	7487
7487	1	7486
7488	0	7489
7489	1	7488
7490	0	7491
7491	1	7490
7492	0	7493
7493	1	7492
7495	1	7494
7496	0	7497
7497	1	7496
7499	1	7498
7500	0	7501
7501	1	7500
7502	0	7503
7503	1	7502
7505	1	7504
7506	0	7507
7507	1	7506
7508	0	7509
7510	0	7511
7511	1	7510
7512	0	7513
7513	1	7512
7514	0	7515
7515	1	7514
7516	0	7517
7517	1	7516
7518	0	7519
7519	1	7518
7520	0	7521
7522	0	7523
7524	0	7525
7525	1	7524
7527	1	7526
7528	0	7529
7529	1	7528
7531	1	7530
7532	0	7533
7534	0	7535
7536	0	7537
7537	1	7536
7538	0	7539
7540	0	7541
7541	1	7540
7542	0	7543
7543	1	7542
7544	0	7545
7545	1	7544
7546	0	7547
7549	1	7548
7550	0	7551
7553	1	7552
7554	0	7555
7556	0	7557
7557	1	7556
7558	0	7559
7559	1	7558
7560	0	7561
7561	1	7560
7562	0	7563
7563	1	7562
7564	0	7565
7565	1	7564
7567	1	7566
7568	0	7569
7569	1	7568
7570	0	7571
7571	1	7570
7573	1	7572
7574	0	7575
7575	1	7574
7576	0	7577
7577	1	7576
7578	0	7579
7579	1	7578
7581	1	7580
7582	0	7583
7583	1	7582
7584	0	7585
7585	1	7584
7586	0	7587
7587	1	7586
7589	1	7588
7591	1	7590
7592	0	7593
7594	0	7595
7596	0	7597
7597	1	7596
7599	1	7598
7600	0	7601
7601	1	7600
7602	0	7603
7604	0	7605
7605	1	7604
7606	0	7607
7607	1	7606
7608	0	7609
7609	1	7608
7610	0	7611
7611	1	7610
7613	1	7612
7615	1	7614
7616	0	7617
7617	1	7616
7618	0	7619
7619	1	7618
7620	0	7621
7621	1	7620
7622	0	7623
7623	1	7622
7624	0	7625
7625	1	7624
7626	0	7627
7627	1	7626
7628	0	7629
7630	0	7631
7631	1	7630
7632	0	7633
7633	1	7632
7634	0	7635
7635	1	7634
7637	1	7636
7638	0	7639
7639	1	7638
7640	0	7641
7641	1	7640
7642	0	7643
7643	1	7642
7644	0	7645
7645	1	7644
7646	0	7647
7647	1	7646
7648	0	7649
7649	1	7648
7650	0	7651
7651	1	7650
7652	0	7653
7653	1	7652
7654	0	7655
7655	1	7654
7656	0	7657
7657	1	7656
7658	0	7659
7659	1	7658
7660	0	7661
7661	1	7660
7662	0	7663
7663	1	7662
7664	0	7665
7665	1	7664
7666	0	7667
7667	1	7666
7668	0	7669
7669	1	7668
7670	0	7671
7671	1	7670
7672	0	7673
7673	1	7672
7674	0	7675
7675	1	7674
7676	0	7677
7677	1	7676
7678	0	7679
7679	1	7678
7680	0	7681
7681	1	7680
7682	0	7683
7684	0	7685
7686	0	7687
7688	0	7689
7689	1	7688
7690	0	7691
7691	1	7690
7692	0	7693
7693	1	7692
7694	0	7695
7695	1	7694
7696	0	7697
7697	1	7696
7698	0	7699
7701	1	7700
7702	0	7703
7703	1	7702
7704	0	7705
7706	0	7707
7707	1	7706
7708	0	7709
7709	1	7708
7710	0	7711
7712	0	7713
7713	1	7712
7715	1	7714
7716	0	7717
7719	1	7718
7720	0	7721
7721	1	7720
7722	0	7723
7723	1	7722
7724	0	7725
7725	1	7724
7726	0	7727
7727	1	7726
7728	0	7729
7729	1	7728
7730	0	7731
7732	0	7733
7733	1	7732
7734	0	7735
7735	1	7734
7736	0	7737
7738	0	7739
7739	1	7738
7740	0	7741
7742	0	7743
7743	1	7742
7744	0	7745
7745	1	7744
7746	0	7747
7748	0	7749
7749	1	7748
7750	0	7751
7751	1	7750
7752	0	7753
7753	1	7752
7754	0	7755
7755	1	7754
7756	0	7757
7757	1	7756
7758	0	7759
7759	1	7758
7760	0	7761
7761	1	7760
7763	1	7762
7764	0	7765
7765	1	7764
7766	0	7767
7767	1	7766
7768	0	7769
7769	1	7768
7770	0	7771
7771	1	7770
7772	0	7773
7773	1	7772
7775	1	7774
7776	0	7777
7777	1	7776
7778	0	7779
7779	1	7778
7781	1	7780
7782	0	7783
7785	1	7784
7786	0	7787
7787	1	7786
7788	0	7789
7789	1	7788
7790	0	7791
7793	1	7792
7794	0	7795
7795	1	7794
7796	0	7797
7798	0	7799
7799	1	7798
7800	0	7801
7801	1	7800
7802	0	7803
7803	1	7802
7804	0	7805
7805	1	7804
7806	0	7807
7807	1	7806
7808	0	7809
7810	0	7811
7811	1	7810
7813	1	7812
7814	0	7815
7815	1	7814
7817	1	7816
7818	0	7819
7820	0	7821
7821	1	7820
7822	0	7823
7823	1	7822
7824	0	7825
7825	1	7824
7826	0	7827
7827	1	7826
7828	0	7829
7829	1	7828
7830	0	7831
7831	1	7830
7832	0	7833
7833	1	7832
7834	0	7835
7836	0	7837
7837	1	7836
7838	0	7839
7839	1	7838
7840	0	7841
7841	1	7840
7842	0	7843
7843	1	7842
7844	0	7845
7845	1	7844
7847	1	7846
7849	1	7848
7850	0	7851
7851	1	7850
7852	0	7853
7853	1	7852
7854	0	7855
7855	1	7854
7856	0	7857
7857	1	7856
7858	0	7859
7859	1	7858
7861	1	7860
7862	0	7863
7863	1	7862
7865	1	7864
7866	0	7867
7867	1	7866
7868	0	7869
7869	1	7868
7870	0	7871
7871	1	7870
7872	0	7873
7873	1	7872
7874	0	7875
7875	1	7874
7876	0	7877
7877	1	7876
7878	0	7879
7880	0	7881
7881	1	7880
7882	0	7883
7883	1	7882
7884	0	7885
7885	1	7884
7886	0	7887
7887	1	7886
7888	0	7889
7889	1	7888
7890	0	7891
7892	0	7893
7893	1	7892
7894	0	7895
7895	1	7894
7897	1	7896
7898	0	7899
7900	0	7901
7901	1	7900
7902	0	7903
7904	0	7905
7905	1	7904
7906	0	7907
7908	0	7909
7909	1	7908
7910	0	7911
7911	1	7910
7913	1	7912
7915	1	7914
7917	1	7916
7918	0	7919
7919	1	7918
7920	0	7921
7922	0	7923
7924	0	7925
7925	1	7924
7926	0	7927
7927	1	7926
7928	0	7929
7929	1	7928
7930	0	7931
7931	1	7930
7932	0	7933
7933	1	7932
7934	0	7935
7935	1	7934
7937	1	7936
7938	0	7939
7939	1	7938
7940	0	7941
7942	0	7943
7943	1	7942
7944	0	7945
7945	1	7944
7946	0	7947
7947	1	7946
7948	0	7949
7949	1	7948
7950	0	7951
7951	1	7950
7953	1	7952
7954	0	7955
7955	1	7954
7956	0	7957
7957	1	7956
7958	0	7959
7959	1	7958
7960	0	7961
7963	1	7962
7965	1	7964
7966	0	7967
7968	0	7969
7969	1	7968
7970	0	7971
7971	1	7970
7972	0	7973
7973	1	7972
7974	0	7975
7975	1	7974
7977	1	7976
7978	0	7979
7979	1	7978
7980	0	7981
7981	1	7980
7982	0	7983
7983	1	7982
7984	0	7985
7985	1	7984
7987	1	7986
7988	0	7989
7989	1	7988
7990	0	7991
7993	1	7992
7994	0	7995
7995	1	7994
7996	0	7997
7997	1	7996
7998	0	7999
7999	1	7998
8001	1	8000
8003	1	8002
8004	0	8005
8005	1	8004
8006	0	8007
8007	1	8006
8008	0	8009
8009	1	8008
8010	0	8011
8011	1	8010
8012	0	8013
8014	0	8015
8015	1	8014
8016	0	8017
8017	1	8016
8018	0	8019
8019	1	8018
8020	0	8021
8021	1	8020
8022	0	8023
8023	1	8022
8024	0	8025
8025	1	8024
8026	0	8027
8027	1	8026
8029	1	8028
8030	0	8031
8031	1	8030
8032	0	8033
8033	1	8032
8035	1	8034
8036	0	8037
8037	1	8036
8038	0	8039
8040	0	8041
8041	1	8040
8042	0	8043
8043	1	8042
8044	0	8045
8045	1	8044
8046	0	8047
8047	1	8046
8048	0	8049
8049	1	8048
8050	0	8051
8051	1	8050
8052	0	8053
8053	1	8052
8054	0	8055
8055	1	8054
8057	1	8056
8059	1	8058
8060	0	8061
8061	1	8060
8062	0	8063
8063	1	8062
8064	0	8065
8065	1	8064
8066	0	8067
8067	1	8066
8068	0	8069
8069	1	8068
8070	0	8071
8071	1	8070
8072	0	8073
8073	1	8072
8075	1	8074
8076	0	8077
8077	1	8076
8078	0	8079
8079	1	8078
8080	0	8081
8081	1	8080
8082	0	8083
8083	1	8082
8084	0	8085
8085	1	8084
8086	0	8087
8088	0	8089
8089	1	8088
8090	0	8091
8091	1	8090
8092	0	8093
8093	1	8092
8094	0	8095
8095	1	8094
8096	0	8097
8097	1	8096
8098	0	8099
8099	1	8098
8100	0	8101
8101	1	8100
8102	0	8103
8103	1	8102
8104	0	8105
8105	1	8104
8107	1	8106
8108	0	8109
8109	1	8108
8110	0	8111
8111	1	8110
8112	0	8113
8113	1	8112
8114	0	8115
8115	1	8114
8116	0	8117
8118	0	8119
8119	1	8118
8120	0	8121
8121	1	8120
8122	0	8123
8123	1	8122
8124	0	8125
8125	1	8124
8127	1	8126
8128	0	8129
8129	1	8128
8130	0	8131
8131	1	8130
8132	0	8133
8133	1	8132
8134	0	8135
8136	0	8137
8137	1	8136
8138	0	8139
8139	1	8138
8140	0	8141
8141	1	8140
8143	1	8142
8144	0	8145
8145	1	8144
8146	0	8147
8149	1	8148
8150	0	8151
8151	1	8150
8152	0	8153
8153	1	8152
8154	0	8155
8155	1	8154
8157	1	8156
8158	0	8159
8160	0	8161
8162	0	8163
8163	1	8162
8164	0	8165
8166	0	8167
8167	1	8166
8168	0	8169
8169	1	8168
8170	0	8171
8171	1	8170
8172	0	8173
8173	1	8172
8174	0	8175
8175	1	8174
8176	0	8177
8177	1	8176
8179	1	8178
8180	0	8181
8182	0	8183
8183	1	8182
8184	0	8185
8185	1	8184
8187	1	8186
8188	0	8189
8189	1	8188
8190	0	8191
8191	1	8190
8192	0	8193
8194	0	8195
8195	1	8194
8196	0	8197
8197	1	8196
8198	0	8199
8199	1	8198
8200	0	8201
8201	1	8200
8203	1	8202
8204	0	8205
8205	1	8204
8206	0	8207
8207	1	8206
8208	0	8209
8209	1	8208
8210	0	8211
8211	1	8210
8212	0	8213
8213	1	8212
8214	0	8215
8215	1	8214
8217	1	8216
8218	0	8219
8219	1	8218
8220	0	8221
8221	1	8220
8222	0	8223
8223	1	8222
8224	0	8225
8225	1	8224
8226	0	8227
8227	1	8226
8229	1	8228
8230	0	8231
8231	1	8230
8233	1	8232
8234	0	8235
8236	0	8237
8237	1	8236
8238	0	8239
8239	1	8238
8240	0	8241
8242	0	8243
8244	0	8245
8245	1	8244
8246	0	8247
8247	1	8246
8248	0	8249
8249	1	8248
8250	0	8251
8251	1	8250
8252	0	8253
8253	1	8252
8254	0	8255
8255	1	8254
8256	0	8257
8257	1	8256
8258	0	8259
8259	1	8258
8260	0	8261
8261	1	8260
8262	0	8263
8263	1	8262
8264	0	8265
8265	1	8264
8266	0	8267
8267	1	8266
8268	0	8269
8269	1	8268
8270	0	8271
8273	1	8272
8274	0	8275
8275	1	8274
8276	0	8277
8277	1	8276
8278	0	8279
8279	1	8278
8280	0	8281
8281	1	8280
8282	0	8283
8283	1	8282
8284	0	8285
8285	1	8284
8286	0	8287
8288	0	8289
8289	1	8288
8290	0	8291
8291	1	8290
8292	0	8293
8294	0	8295
8295	1	8294
8296	0	8297
8297	1	8296
8298	0	8299
8299	1	8298
8300	0	8301
8301	1	8300
8302	0	8303
8303	1	8302
8304	0	8305
8305	1	8304
8306	0	8307
8307	1	8306
8309	1	8308
8311	1	8310
8313	1	8312
8314	0	8315
8315	1	8314
8316	0	8317
8317	1	8316
8318	0	8319
8319	1	8318
8320	0	8321
8321	1	8320
8322	0	8323
8323	1	8322
8324	0	8325
8325	1	8324
8326	0	8327
8329	1	8328
8330	0	8331
8331	1	8330
8332	0	8333
8333	1	8332
8334	0	8335
8335	1	8334
8336	0	8337
8337	1	8336
8338	0	8339
8339	1	8338
8340	0	8341
8342	0	8343
8343	1	8342
8344	0	8345
8345	1	8344
8346	0	8347
8347	1	8346
8348	0	8349
8349	1	8348
8350	0	8351
8351	1	8350
8353	1	8352
8354	0	8355
8355	1	8354
8356	0	8357
8359	1	8358
8360	0	8361
8361	1	8360
8362	0	8363
8363	1	8362
8364	0	8365
8365	1	8364
8366	0	8367
8367	1	8366
8368	0	8369
8369	1	8368
8370	0	8371
8371	1	8370
8372	0	8373
8373	1	8372
8374	0	8375
8376	0	8377
8377	1	8376
8378	0	8379
8379	1	8378
8380	0	8381
8382	0	8383
8384	0	8385
8385	1	8384
8386	0	8387
8387	1	8386
8389	1	8388
8391	1	8390
8393	1	8392
8394	0	8395
8395	1	8394
8397	1	8396
8398	0	8399
8399	1	8398
8401	1	8400
8402	0	8403
8403	1	8402
8404	0	8405
8405	1	8404
8406	0	8407
8408	0	8409
8409	1	8408
8410	0	8411
8412	0	8413
8413	1	8412
8414	0	8415
8415	1	8414
8416	0	8417
8418	0	8419
8420	0	8421
8421	1	8420
8422	0	8423
8423	1	8422
8425	1	8424
8426	0	8427
8427	1	8426
8428	0	8429
8429	1	8428
8430	0	8431
8431	1	8430
8432	0	8433
8433	1	8432
8434	0	8435
8435	1	8434
8436	0	8437
8437	1	8436
8439	1	8438
8440	0	8441
8443	1	8442
8445	1	8444
8446	0	8447
8447	1	8446
8448	0	8449
8449	1	8448
8450	0	8451
8451	1	8450
8452	0	8453
8454	0	8455
8455	1	8454
8456	0	8457
8457	1	8456
8458	0	8459
8459	1	8458
8460	0	8461
8461	1	8460
8462	0	8463
8465	1	8464
8466	0	8467
8467	1	8466
8468	0	8469
8470	0	8471
8471	1	8470
8472	0	8473
8473	1	8472
8474	0	8475
8475	1	8474
8476	0	8477
8477	1	8476
8478	0	8479
8479	1	8478
8480	0	8481
8481	1	8480
8482	0	8483
8483	1	8482
8484	0	8485
8486	0	8487
8487	1	8486
8488	0	8489
8489	1	8488
8490	0	8491
8491	1	8490
8492	0	8493
8494	0	8495
8495	1	8494
8496	0	8497
8497	1	8496
8499	1	8498
8500	0	8501
8502	0	8503
8503	1	8502
8504	0	8505
8505	1	8504
8506	0	8507
8508	0	8509
8509	1	8508
8510	0	8511
8511	1	8510
8512	0	8513
8513	1	8512
8514	0	8515
8515	1	8514
8516	0	8517
8518	0	8519
8520	0	8521
8522	0	8523
8523	1	8522
8524	0	8525
8525	1	8524
8526	0	8527
8527	1	8526
8528	0	8529
8530	0	8531
8531	1	8530
8532	0	8533
8533	1	8532
8534	0	8535
8535	1	8534
8536	0	8537
8537	1	8536
8539	1	8538
8541	1	8540
8542	0	8543
8543	1	8542
8544	0	8545
8545	1	8544
8546	0	8547
8547	1	8546
8549	1	8548
8550	0	8551
8551	1	8550
8552	0	8553
8553	1	8552
8554	0	8555
8555	1	8554
8556	0	8557
8557	1	8556
8558	0	8559
8560	0	8561
8561	1	8560
8562	0	8563
8563	1	8562
8564	0	8565
8565	1	8564
8567	1	8566
8568	0	8569
8569	1	8568
8570	0	8571
8571	1	8570
8572	0	8573
8573	1	8572
8574	0	8575
8576	0	8577
8577	1	8576
8578	0	8579
8579	1	8578
8580	0	8581
8583	1	8582
8584	0	8585
8585	1	8584
8586	0	8587
8587	1	8586
8588	0	8589
8590	0	8591
8591	1	8590
8592	0	8593
8593	1	8592
8594	0	8595
8595	1	8594
8596	0	8597
8597	1	8596
8598	0	8599
8599	1	8598
8600	0	8601
8601	1	8600
8602	0	8603
8603	1	8602
8604	0	8605
8605	1	8604
8606	0	8607
8608	0	8609
8609	1	8608
8611	1	8610
8612	0	8613
8613	1	8612
8615	1	8614
8616	0	8617
8617	1	8616
8618	0	8619
8619	1	8618
8621	1	8620
8622	0	8623
8623	1	8622
8624	0	8625
8625	1	8624
8626	0	8627
8627	1	8626
8628	0	8629
8629	1	8628
8630	0	8631
8632	0	8633
8633	1	8632
8635	1	8634
8636	0	8637
8637	1	8636
8638	0	8639
8639	1	8638
8640	0	8641
8642	0	8643
8643	1	8642
8644	0	8645
8645	1	8644
8646	0	8647
8647	1	8646
8648	0	8649
8649	1	8648
8650	0	8651
8651	1	8650
8652	0	8653
8653	1	8652
8654	0	8655
8655	1	8654
8656	0	8657
8657	1	8656
8658	0	8659
8659	1	8658
8660	0	8661
8661	1	8660
8662	0	8663
8663	1	8662
8664	0	8665
8665	1	8664
8666	0	8667
8667	1	8666
8668	0	8669
8669	1	8668
8670	0	8671
8671	1	8670
8672	0	8673
8673	1	8672
8674	0	8675
8675	1	8674
8677	1	8676
8678	0	8679
8679	1	8678
8681	1	8680
8682	0	8683
8683	1	8682
8684	0	8685
8685	1	8684
8686	0	8687
8687	1	8686
8688	0	8689
8690	0	8691
8691	1	8690
8692	0	8693
8693	1	8692
8694	0	8695
8696	0	8697
8697	1	8696
8699	1	8698
8700	0	8701
8701	1	8700
8702	0	8703
8703	1	8702
8704	0	8705
8705	1	8704
8706	0	8707
8707	1	8706
8708	0	8709
8709	1	8708
8710	0	8711
8713	1	8712
8715	1	8714
8716	0	8717
8717	1	8716
8718	0	8719
8719	1	8718
8720	0	8721
8721	1	8720
8722	0	8723
8723	1	8722
8724	0	8725
8725	1	8724
8727	1	8726
8728	0	8729
8730	0	8731
8732	0	8733
8733	1	8732
8734	0	8735
8735	1	8734
8736	0	8737
8737	1	8736
8738	0	8739
8739	1	8738
8740	0	8741
8741	1	8740
8742	0	8743
8744	0	8745
8745	1	8744
8746	0	8747
8747	1	8746
8748	0	8749
8749	1	8748
8751	1	8750
8752	0	8753
8753	1	8752
8755	1	8754
8756	0	8757
8757	1	8756
8759	1	8758
8760	0	8761
8761	1	8760
8762	0	8763
8763	1	8762
8764	0	8765
8767	1	8766
8769	1	8768
8770	0	8771
8771	1	8770
8772	0	8773
8773	1	8772
8774	0	8775
8775	1	8774
8776	0	8777
8777	1	8776
8778	0	8779
8779	1	8778
8780	0	8781
8781	1	8780
8782	0	8783
8783	1	8782
8784	0	8785
8786	0	8787
8787	1	8786
8788	0	8789
8789	1	8788
8790	0	8791
8791	1	8790
8792	0	8793
8794	0	8795
8795	1	8794
8796	0	8797
8797	1	8796
8798	0	8799
8799	1	8798
8800	0	8801
8801	1	8800
8802	0	8803
8805	1	8804
8806	0	8807
8807	1	8806
8808	0	8809
8809	1	8808
8810	0	8811
8811	1	8810
8812	0	8813
8813	1	8812
8814	0	8815
8815	1	8814
8816	0	8817
8817	1	8816
8818	0	8819
8819	1	8818
8820	0	8821
8821	1	8820
8822	0	8823
8823	1	8822
8824	0	8825
8825	1	8824
8826	0	8827
8827	1	8826
8828	0	8829
8830	0	8831
8831	1	8830
8832	0	8833
8833	1	8832
8834	0	8835
8835	1	8834
8836	0	8837
8837	1	8836
8838	0	8839
8839	1	8838
8840	0	8841
8841	1	8840
8842	0	8843
8843	1	8842
8844	0	8845
8845	1	8844
8846	0	8847
8847	1	8846
8848	0	8849
8849	1	8848
8851	1	8850
8852	0	8853
8853	1	8852
8855	1	8854
8856	0	8857
8857	1	8856
8858	0	8859
8860	0	8861
8861	1	8860
8863	1	8862
8864	0	8865
8866	0	8867
8867	1	8866
8868	0	8869
8869	1	8868
8870	0	8871
8871	1	8870
8872	0	8873
8873	1	8872
8874	0	8875
8875	1	8874
8877	1	8876
8878	0	8879
8879	1	8878
8880	0	8881
8881	1	8880
8882	0	8883
8883	1	8882
8885	1	8884
8886	0	8887
8887	1	8886
8888	0	8889
8889	1	8888
8890	0	8891
8891	1	8890
8892	0	8893
8893	1	8892
8894	0	8895
8895	1	8894
8896	0	8897
8897	1	8896
8898	0	8899
8899	1	8898
8900	0	8901
8901	1	8900
8902	0	8903
8903	1	8902
8904	0	8905
8906	0	8907
8907	1	8906
8908	0	8909
8909	1	8908
8910	0	8911
8911	1	8910
8912	0	8913
8913	1	8912
8915	1	8914
8916	0	8917
8917	1	8916
8918	0	8919
8919	1	8918
8920	0	8921
8921	1	8920
8923	1	8922
8925	1	8924
8926	0	8927
8928	0	8929
8929	1	8928
8930	0	8931
8931	1	8930
8932	0	8933
8933	1	8932
8934	0	8935
8935	1	8934
8936	0	8937
8937	1	8936
8939	1	8938
8940	0	8941
8943	1	8942
8944	0	8945
8947	1	8946
8948	0	8949
8949	1	8948
8950	0	8951
8951	1	8950
8952	0	8953
8953	1	8952
8954	0	8955
8956	0	8957
8957	1	8956
8958	0	8959
8959	1	8958
8960	0	8961
8961	1	8960
8962	0	8963
8963	1	8962
8964	0	8965
8965	1	8964
8966	0	8967
8967	1	8966
8968	0	8969
8969	1	8968
8970	0	8971
8971	1	8970
8972	0	8973
8975	1	8974
8976	0	8977
8977	1	8976
8978	0	8979
8979	1	8978
8980	0	8981
8981	1	8980
8982	0	8983
8983	1	8982
8984	0	8985
8985	1	8984
8986	0	8987
8987	1	8986
8988	0	8989
8989	1	8988
8991	1	8990
8992	0	8993
8993	1	8992
8994	0	8995
8995	1	8994
8996	0	8997
8997	1	8996
8998	0	8999
8999	1	8998
9000	0	9001
9001	1	9000
9002	0	9003
9003	1	9002
9004	0	9005
9005	1	9004
9006	0	9007
9007	1	9006
9008	0	9009
9009	1	9008
9010	0	9011
9011	1	9010
9012	0	9013
9013	1	9012
9014	0	9015
9015	1	9014
9016	0	9017
9017	1	9016
9018	0	9019
9019	1	9018
9020	0	9021
9021	1	9020
9022	0	9023
9024	0	9025
9025	1	9024
9026	0	9027
9027	1	9026
9028	0	9029
9029	1	9028
9030	0	9031
9031	1	9030
9032	0	9033
9033	1	9032
9034	0	9035
9035	1	9034
9036	0	9037
9037	1	9036
9038	0	9039
9041	1	9040
9042	0	9043
9043	1	9042
9045	1	9044
9046	0	9047
9048	0	9049
9049	1	9048
9050	0	9051
9051	1	9050
9052	0	9053
9053	1	9052
9054	0	9055
9055	1	9054
9056	0	9057
9057	1	9056
9058	0	9059
9059	1	9058
9060	0	9061
9061	1	9060
9062	0	9063
9064	0	9065
9065	1	9064
9066	0	9067
9068	0	9069
9069	1	9068
9070	0	9071
9071	1	9070
9072	0	9073
9074	0	9075
9075	1	9074
9076	0	9077
9077	1	9076
9078	0	9079
9079	1	9078
9080	0	9081
9081	1	9080
9082	0	9083
9083	1	9082
9084	0	9085
9085	1	9084
9086	0	9087
9087	1	9086
9088	0	9089
9089	1	9088
9091	1	9090
9092	0	9093
9093	1	9092
9094	0	9095
9096	0	9097
9097	1	9096
9098	0	9099
9099	1	9098
9100	0	9101
9101	1	9100
9102	0	9103
9103	1	9102
9104	0	9105
9105	1	9104
9106	0	9107
9107	1	9106
9108	0	9109
9109	1	9108
9110	0	9111
9112	0	9113
9113	1	9112
9114	0	9115
9115	1	9114
9116	0	9117
9117	1	9116
9119	1	9118
9120	0	9121
9121	1	9120
9122	0	9123
9123	1	9122
9124	0	9125
9125	1	9124
9126	0	9127
9127	1	9126
9128	0	9129
9129	1	9128
9130	0	9131
9131	1	9130
9132	0	9133
9133	1	9132
9134	0	9135
9135	1	9134
9136	0	9137
9137	1	9136
9138	0	9139
9140	0	9141
9141	1	9140
9142	0	9143
9143	1	9142
9144	0	9145
9145	1	9144
9147	1	9146
9148	0	9149
9149	1	9148
9151	1	9150
9153	1	9152
9154	0	9155
9156	0	9157
9158	0	9159
9160	0	9161
9161	1	9160
9162	0	9163
9163	1	9162
9164	0	9165
9165	1	9164
9166	0	9167
9167	1	9166
9168	0	9169
9171	1	9170
9172	0	9173
9173	1	9172
9174	0	9175
9175	1	9174
9176	0	9177
9177	1	9176
9178	0	9179
9179	1	9178
9180	0	9181
9181	1	9180
9182	0	9183
9183	1	9182
9184	0	9185
9185	1	9184
9186	0	9187
9187	1	9186
9188	0	9189
9189	1	9188
9190	0	9191
9191	1	9190
9192	0	9193
9193	1	9192
9194	0	9195
9195	1	9194
9196	0	9197
9197	1	9196
9198	0	9199
9199	1	9198
9200	0	9201
9201	1	9200
9202	0	9203
9205	1	9204
9206	0	9207
9207	1	9206
9208	0	9209
9209	1	9208
9210	0	9211
9211	1	9210
9212	0	9213
9213	1	9212
9214	0	9215
9215	1	9214
9216	0	9217
9217	1	9216
9218	0	9219
9219	1	9218
9220	0	9221
9222	0	9223
9223	1	9222
9225	1	9224
9226	0	9227
9227	1	9226
9228	0	9229
9229	1	9228
9230	0	9231
9232	0	9233
9233	1	9232
9234	0	9235
9235	1	9234
9236	0	9237
9237	1	9236
9238	0	9239
9239	1	9238
9240	0	9241
9242	0	9243
9244	0	9245
9245	1	9244
9247	1	9246
9248	0	9249
9249	1	9248
9250	0	9251
9252	0	9253
9253	1	9252
9254	0	9255
9256	0	9257
9258	0	9259
9259	1	9258
9260	0	9261
9261	1	9260
9262	0	9263
9263	1	9262
9264	0	9265
9266	0	9267
9267	1	9266
9268	0	9269
9270	0	9271
9271	1	9270
9272	0	9273
9273	1	9272
9274	0	9275
9275	1	9274
9276	0	9277
9277	1	9276
9279	1	9278
9280	0	9281
9281	1	9280
9282	0	9283
9283	1	9282
9284	0	9285
9286	0	9287
9287	1	9286
9288	0	9289
9289	1	9288
9290	0	9291
9291	1	9290
9293	1	9292
9294	0	9295
9295	1	9294
9296	0	9297
9297	1	9296
9298	0	9299
9299	1	9298
9300	0	9301
9302	0	9303
9303	1	9302
9304	0	9305
9305	1	9304
9306	0	9307
9307	1	9306
9308	0	9309
9311	1	9310
9312	0	9313
9313	1	9312
9314	0	9315
9316	0	9317
9317	1	9316
9319	1	9318
9320	0	9321
9321	1	9320
9322	0	9323
9323	1	9322
9324	0	9325
9325	1	9324
9326	0	9327
9328	0	9329
9329	1	9328
9330	0	9331
9331	1	9330
9332	0	9333
9333	1	9332
9334	0	9335
9335	1	9334
9336	0	9337
9337	1	9336
9338	0	9339
9339	1	9338
9340	0	9341
9341	1	9340
9342	0	9343
9343	1	9342
9344	0	9345
9345	1	9344
9346	0	9347
9347	1	9346
9349	1	9348
9351	1	9350
9352	0	9353
9353	1	9352
9355	1	9354
9356	0	9357
9357	1	9356
9358	0	9359
9359	1	9358
9360	0	9361
9361	1	9360
9362	0	9363
9363	1	9362
9364	0	9365
9365	1	9364
9366	0	9367
9367	1	9366
9368	0	9369
9369	1	9368
9370	0	9371
9371	1	9370
9372	0	9373
9373	1	9372
9374	0	9375
9375	1	9374
9376	0	9377
9379	1	9378
9380	0	9381
9381	1	9380
9382	0	9383
9383	1	9382
9384	0	9385
9385	1	9384
9386	0	9387
9387	1	9386
9388	0	9389
9389	1	9388
9390	0	9391
9391	1	9390
9392	0	9393
9393	1	9392
9394	0	9395
9397	1	9396
9398	0	9399
9399	1	9398
9400	0	9401
9401	1	9400
9402	0	9403
9403	1	9402
9404	0	9405
9405	1	9404
9406	0	9407
9407	1	9406
9408	0	9409
9409	1	9408
9410	0	9411
9411	1	9410
9412	0	9413
9413	1	9412
9414	0	9415
9415	1	9414
9417	1	9416
9418	0	9419
9419	1	9418
9420	0	9421
9421	1	9420
9423	1	9422
9424	0	9425
9425	1	9424
9426	0	9427
9428	0	9429
9429	1	9428
9431	1	9430
9432	0	9433
9433	1	9432
9434	0	9435
9435	1	9434
9437	1	9436
9438	0	9439
9439	1	9438
9441	1	9440
9442	0	9443
9443	1	9442
9444	0	9445
9445	1	9444
9446	0	9447
9447	1	9446
9449	1	9448
9450	0	9451
9451	1	9450
9452	0	9453
9453	1	9452
9454	0	9455
9455	1	9454
9456	0	9457
9457	1	9456
9459	1	9458
9460	0	9461
9461	1	9460
9462	0	9463
9463	1	9462
9464	0	9465
9465	1	9464
9466	0	9467
9468	0	9469
9469	1	9468
9470	0	9471
9473	1	9472
9474	0	9475
9476	0	9477
9477	1	9476
9478	0	9479
9479	1	9478
9480	0	9481
9481	1	9480
9483	1	9482
9484	0	9485
9485	1	9484
9486	0	9487
9487	1	9486
9488	0	9489
9489	1	9488
9490	0	9491
9491	1	9490
9492	0	9493
9493	1	9492
9494	0	9495
9495	1	9494
9496	0	9497
9497	1	9496
9498	0	9499
9499	1	9498
9501	1	9500
9502	0	9503
9503	1	9502
9505	1	9504
9506	0	9507
9507	1	9506
9508	0	9509
9509	1	9508
9510	0	9511
9511	1	9510
9513	1	9512
9514	0	9515
9515	1	9514
9516	0	9517
9517	1	9516
9518	0	9519
9520	0	9521
9521	1	9520
9522	0	9523
9523	1	9522
9524	0	9525
9525	1	9524
9526	0	9527
9527	1	9526
9528	0	9529
9529	1	9528
9530	0	9531
9533	1	9532
9534	0	9535
9535	1	9534
9536	0	9537
9537	1	9536
9538	0	9539
9539	1	9538
9540	0	9541
9541	1	9540
9542	0	9543
9543	1	9542
9544	0	9545
9545	1	9544
9546	0	9547
9547	1	9546
9549	1	9548
9550	0	9551
9551	1	9550
9552	0	9553
9553	1	9552
9554	0	9555
9555	1	9554
9556	0	9557
9557	1	9556
9558	0	9559
9559	1	9558
9560	0	9561
9561	1	9560
9562	0	9563
9563	1	9562
9564	0	9565
9567	1	9566
9569	1	9568
9570	0	9571
9571	1	9570
9572	0	9573
9573	1	9572
9574	0	9575
9575	1	9574
9576	0	9577
9577	1	9576
9578	0	9579
9579	1	9578
9580	0	9581
9581	1	9580
9582	0	9583
9583	1	9582
9584	0	9585
9586	0	9587
9588	0	9589
9589	1	9588
9590	0	9591
9592	0	9593
9593	1	9592
9595	1	9594
9596	0	9597
9598	0	9599
9599	1	9598
9600	0	9601
9602	0	9603
9603	1	9602
9604	0	9605
9605	1	9604
9606	0	9607
9607	1	9606
9608	0	9609
9609	1	9608
9610	0	9611
9612	0	9613
9613	1	9612
9614	0	9615
9615	1	9614
9616	0	9617
9618	0	9619
9620	0	9621
9621	1	9620
9622	0	9623
9623	1	9622
9624	0	9625
9625	1	9624
9626	0	9627
9627	1	9626
9628	0	9629
9629	1	9628
9630	0	9631
9631	1	9630
9632	0	9633
9634	0	9635
9635	1	9634
9636	0	9637
9637	1	9636
9639	1	9638
9640	0	9641
9641	1	9640
9642	0	9643
9644	0	9645
9646	0	9647
9648	0	9649
9649	1	9648
9650	0	9651
9651	1	9650
9652	0	9653
9654	0	9655
9655	1	9654
9656	0	9657
9657	1	9656
9658	0	9659
9659	1	9658
9660	0	9661
9662	0	9663
9663	1	9662
9665	1	9664
9666	0	9667
9667	1	9666
9668	0	9669
9669	1	9668
9671	1	9670
9672	0	9673
9673	1	9672
9675	1	9674
9676	0	9677
9677	1	9676
9678	0	9679
9679	1	9678
9681	1	9680
9682	0	9683
9683	1	9682
9684	0	9685
9685	1	9684
9686	0	9687
9687	1	9686
9688	0	9689
9689	1	9688
9690	0	9691
9693	1	9692
9695	1	9694
9696	0	9697
9697	1	9696
9698	0	9699
9699	1	9698
9700	0	9701
9701	1	9700
9702	0	9703
9703	1	9702
9704	0	9705
9706	0	9707
9707	1	9706
9708	0	9709
9709	1	9708
9710	0	9711
9711	1	9710
9712	0	9713
9714	0	9715
9715	1	9714
9716	0	9717
9717	1	9716
9719	1	9718
9720	0	9721
9721	1	9720
9723	1	9722
9725	1	9724
9726	0	9727
9727	1	9726
9728	0	9729
9729	1	9728
9730	0	9731
9731	1	9730
9732	0	9733
9733	1	9732
9735	1	9734
9736	0	9737
9737	1	9736
9739	1	9738
9740	0	9741
9741	1	9740
9742	0	9743
9743	1	9742
9744	0	9745
9745	1	9744
9746	0	9747
9748	0	9749
9749	1	9748
9750	0	9751
9752	0	9753
9753	1	9752
9754	0	9755
9755	1	9754
9757	1	9756
9759	1	9758
9760	0	9761
9761	1	9760
9762	0	9763
9764	0	9765
9766	0	9767
9767	1	9766
9768	0	9769
9770	0	9771
9771	1	9770
9772	0	9773
9773	1	9772
9775	1	9774
9776	0	9777
9777	1	9776
9778	0	9779
9780	0	9781
9781	1	9780
9782	0	9783
9783	1	9782
9785	1	9784
9786	0	9787
9787	1	9786
9788	0	9789
9790	0	9791
9791	1	9790
9792	0	9793
9795	1	9794
9796	0	9797
9797	1	9796
9798	0	9799
9799	1	9798
9801	1	9800
9802	0	9803
9805	1	9804
9806	0	9807
9807	1	9806
9808	0	9809
9809	1	9808
9811	1	9810
9813	1	9812
9814	0	9815
9815	1	9814
9816	0	9817
9817	1	9816
9818	0	9819
9819	1	9818
9820	0	9821
9822	0	9823
9825	1	9824
9826	0	9827
9827	1	9826
9828	0	9829
9829	1	9828
9830	0	9831
9833	1	9832
9834	0	9835
9836	0	9837
9837	1	9836
9838	0	9839
9839	1	9838
9840	0	9841
9841	1	9840
9842	0	9843
9843	1	9842
9844	0	9845
9845	1	9844
9847	1	9846
9848	0	9849
9849	1	9848
9850	0	9851
9851	1	9850
9852	0	9853
9853	1	9852
9854	0	9855
9856	0	9857
9857	1	9856
9858	0	9859
9859	1	9858
9861	1	9860
9862	0	9863
9863	1	9862
9864	0	9865
9865	1	9864
9866	0	9867
9867	1	9866
9868	0	9869
9869	1	9868
9870	0	9871
9871	1	9870
9872	0	9873
9873	1	9872
9875	1	9874
9877	1	9876
9878	0	9879
9879	1	9878
9881	1	9880
9883	1	9882
9884	0	9885
9885	1	9884
9886	0	9887
9887	1	9886
9888	0	9889
9889	1	9888
9890	0	9891
9891	1	9890
9892	0	9893
9894	0	9895
9896	0	9897
9898	0	9899
9899	1	9898
9901	1	9900
9902	0	9903
9903	1	9902
9904	0	9905
9905	1	9904
9906	0	9907
9907	1	9906
9908	0	9909
9909	1	9908
9910	0	9911
9912	0	9913
9914	0	9915
9915	1	9914
9917	1	9916
9919	1	9918
9920	0	9921
9921	1	9920
9922	0	9923
9923	1	9922
9924	0	9925
9925	1	9924
9926	0	9927
9927	1	9926
9928	0	9929
9929	1	9928
9930	0	9931
9931	1	9930
9932	0	9933
9933	1	9932
9934	0	9935
9935	1	9934
9937	1	9936
9938	0	9939
9939	1	9938
9940	0	9941
9941	1	9940
9943	1	9942
9944	0	9945
9945	1	9944
9946	0	9947
9947	1	9946
9948	0	9949
9950	0	9951
9952	0	9953
9953	1	9952
9954	0	9955
9955	1	9954
9956	0	9957
9957	1	9956
9958	0	9959
9959	1	9958
9960	0	9961
9961	1	9960
9962	0	9963
9963	1	9962
9964	0	9965
9965	1	9964
9966	0	9967
9967	1	9966
9968	0	9969
9969	1	9968
9970	0	9971
9971	1	9970
9972	0	9973
9974	0	9975
9975	1	9974
9976	0	9977
9977	1	9976
9978	0	9979
9979	1	9978
9981	1	9980
9982	0	9983
9983	1	9982
9984	0	9985
9985	1	9984
9987	1	9986
9988	0	9989
9989	1	9988
9990	0	9991
9991	1	9990
9992	0	9993
9993	1	9992
9994	0	9995
9995	1	9994
9997	1	9996
9998	0	9999
9999	1	9998
